0.009722161531251492
0.04302906033086675
0.009228815342584016
0.031171074387535025
0.021824397850802826
0.004331386279046441
0.004345079525592333
0.003367557982617136
0.008314992736883242
0.011289417222539384
0.0034957277994298805
0.04302906033086675
0.005837760266045386
0.053636677038687915
0.02490695682043697
0.003652857030592964
0.025092161341671308
0.0032435135115062514
0.012547345684088598
0.00957949155541977
0.008803750888367778
0.025532716953452772
0.01306320238013346
0.04302906033086675
0.00629976521760842
0.004472437999565771
0.004776076706084858
0.009264574844974989
0.001556114755649367
0.012695591832140222
0.009206897904240745
0.013557466681008967
0.02241941538160334
0.008956739423824108
0.018650425877863506
0.004099327510018807
0.024618347944772762
0.008230413861933742
0.004662068593953226
0.00914492250041148
0.002564089032168975
0.006545532044152317
0.003401384274849935
0.006837366028620904
0.008594694794563547
0.017391231010583142
0.010518933693915787
0.006649660078906678
0.009202756565020327
0.013181495530067294
0.0424411947939726
0.018821423494722263
0.001630286639543381
0.018548459852780648
0.028375042226637028
0.005188743203371675
0.0015347368834936319
0.04441057812527637
0.04302906033086675
0.04404127461225642
0.021238723458410283
0.014230512255737758
3.6792465517081096e-05
0.0994614549165118
0.040959204554714176
0.004351032681682846
0.01502530525099108
0.002455130196211582
0.003342330512759224
3.6792465517081096e-05
0.02977338165115179
0.002651600374885762
0.013989549281175104
3.153639901464106e-05
0.02836731124258913
0.026118097960000707
0.0023364469991214924
0.003621159346623922
0.007186122597347279
0.011590415718881418
0.0035235572311949535
0.007145523302334722
0.0066039366953195315
0.024355467453901592
0.005930876144647565
0.012610725931727233
0.030010729985542012
0.011698339575839541
0.010899205454154858
0.005576814279717511
0.004086977865120799
0.021378560694629754
0.016417574918874408
0.040062316764335096
0.0032877253001194714
0.007090780345182721
0.0036994151250868954
0.011482061201181306
0.007100885061666921
0.00465226871881519
0.00680017892195721
0.012090445889955349
0.021194867991584095
0.05149402293183596
0.03230687854695709
0.0259824967300457
0.010183520559963202
0.003570753490327365
0.030397442961242152
0.007058876714621916
0.004273075567849595
0.0027149870495582445
0.010207671679407046
0.008175397621689538
0.004550243066562164
0.03437955907002755
0.007660514434195415
0.017020457435807875
0.00400304048519122
0.023390069337803528
0.0019959959447224604
0.022627354122964596
0.015176123503637928
0.013365490614872395
0.010277054351482516
0.04302906033086675
0.011124544351016046
0.04302906033086675
0.006835253700450732
0.00772279165613239
0.007759798789112409
0.014038593668995987
0.0032435135115062514
0.008728264124631343
0.08819446141353766
4.2048532019521416e-05
0.014556874652036622
0.015337570428550995
0.020830935281170714
0.004760309313273649
1.0512133004880356e-05
0.003618159785946551
0.011487532392152004
0.011492335555364283
0.009647757445969199
0.005518699695000049
0.00462017189644409
0.008482134082753999
0.0036994151250868954
0.0038064725681660385
0.008836157431203815
3.6792465517081096e-05
0.010283090143716091
0.0070600398133269645
0.011651319072733675
0.003319652993443276
0.0048377373500360634
4.204853201952142e-05
0.007023802118950519
0.010823549855728478
0.04302906033086675
0.017167991546876156
0.006873404921485747
0.015023891683496816
0.02160856504931772
0.04302906033086675
3.153639901464106e-05
3.153639901464107e-05
0.004677611622255614
0.0036994151250868954
0.009531540347755524
0.01318285542926328
0.013725069343779638
0.008571907211323102
0.018740916196235646
0.008259790538374685
0.011381423013348997
0.01425166124787419
0.006861704098058822
0.01176733761353778
0.009737182745802365
2.1024266009760708e-05
0.007356722104963626
0.0023259042891272392
0.006881646973835245
0.0017314873357862479
0.003401384274849935
0.00463772956551526
0.006425574431272603
0.007100885061666922
0.04302906033086675
0.02786415398598902
0.026098722482741393
0.026187584550149523
0.0031963720630300025
0.010368494454915984
0.006461140807613186
0.0067949663119433
0.0036994151250868954
0.009054041852313932
0.00399488642463353
0.009200893939533687
0.0032793315340593292
0.004030391111683978
0.005423884998280005
0.009870649502166328
0.0022968675638865266
0.04302906033086675
0.039236585805757083
0.011227262844994054
2.102426600976071e-05
0.04798104028311723
0.018595414308581606
0.012495375781145936
0.012280107407259256
0.04302906033086675
0.009163008194027612
0.032303664166475815
0.006607609554116
0.03766490920092778
0.006575610019679945
0.011586322556302642
0.0042051485929521125
0.006503295853966131
0.002300895244144708
0.001965648041519119
0.002090544255503966
0.010427723761920322
0.02381391321383681
0.015432601508818537
0.007817514265304186
0.006791841609621212
0.06878301186363574
3.6792465517081096e-05
0.01168652410007806
0.01238574166154184
0.007033173881359776
0.0070454013342698164
0.010171281881936117
0.004066908467771794
0.014838057447294004
0.012150807924148436
0.004868204909062381
2.7594349137810856e-05
0.006339241996751595
0.012801980489134347
0.010094089130714036
0.04302906033086675
0.003741685774851775
0.009932892210094958
0.10883975334353692
0.0193947832166894
0.014885846864447024
0.004599285014656295
0.013350757855814275
0.0016075003406228752
5.2560665024401776e-05
0.006693669001693297
0.021022831564788836
0.00920421583474081
0.016056199055883923
2.102426600976071e-05
0.00410812865268501
0.04302906033086675
0.013215713995610086
0.005509933376423536
0.007175561300401936
0.019715733184948854
0.0036994151250868954
0.04302906033086675
3.942049876830144e-05
0.022091596564504403
0.02271821366535473
0.002426108014374999
0.01382307803420978
0.014680903614695932
0.017038240079017247
0.021223368741933535
0.016406208218128902
0.00718508279185018
0.020158518693360782
0.008007569967890836
0.0019860152291044293
0.010511134630395836
0.011655047907160035
0.009644475031159764
0.01902974002844005
0.002245180823762846
0.012383644638169744
0.009736092314108961
0.04302906033086675
0.04302906033086675
0.02021766903745186
0.0222823900096177
0.004275368085342594
0.0036994151250868954
0.0305844991596385
0.008734962306180531
0.005294753094939066
0.006645105311784153
0.0047777780627496665
0.04302906033086675
0.00547679564847685
0.0017912211583139806
0.059338871290152966
0.0055409255166833865
0.04302906033086675
0.009738663554692455
0.00812334719489034
0.04605368065036127
0.046263205502044095
0.0611953290765129
0.018223362997756117
0.006973432310372459
0.0036994151250868954
0.01178585018819446
0.00845005918838695
3.6792465517081096e-05
1.0512133004880356e-05
0.004609134952143464
0.004745321147003691
0.004671682000927004
0.006269289095077163
0.007344459167463046
0.022954255294839528
0.006938624809659968
0.008905419008103049
0.005514577456499895
0.004639369869263518
0.006973432310372459
0.0051847950101891645
0.01662543925053501
0.01719040448540669
0.0063068113893535995
0.010283576170908878
0.006880086212655871
0.0023259042891272392
0.006495403515936564
0.015111095487386504
0.019769225850099156
0.006895987801255993
0.004093935721023984
0.010237903442796643
0.002733362423564487
0.023698827853222554
0.024348892772778623
0.04302906033086675
0.027582785367309338
0.011473304033214974
0.024798642617453754
0.0047579643397907215
0.006799432417961295
0.008401769769284757
0.0109785429084601
2.628033251220096e-05
0.00923038937224599
0.013278586484765502
0.022492840605411676
0.023156478058023178
3.6792465517081096e-05
0.016177303697137827
0.04302906033086675
0.004646025547173367
0.04064582716047122
0.14813227507005816
5.2560665024401776e-05
0.004421984181077
0.1221944528967257
0.004424663045001739
6.307279802928212e-05
6.307279802928212e-05
0.0066097237148121475
0.012944334205477115
0.04302906033086675
0.0033838205765586975
0.04159591070269959
0.006669205342474356
0.0049335441835185595
0.013857741000690666
0.0033838205765586975
0.0037261654832600375
0.00460608863351225
0.00462275958094804
0.026345524047476903
0.0022790337280452146
0.004607219452908742
0.007816437077700992
0.004533218591590187
3.6792465517081096e-05
0.05451159604670611
0.0048377373500360634
0.004609134952143464
0.039527853727917665
0.0017987305961540375
0.007186122597347279
0.022940803193745106
0.0042339983026177
0.003192469512600078
0.00966728974446658
0.01843531782868988
0.02805444806460371
0.018684976407770927
0.017162093441031735
0.008393858622509744
0.006159640383722458
0.0023259042891272392
0.023150013181405166
0.009223235359498283
0.004594363093391499
0.002981392847125315
0.0022853152810811523
0.013154798509734944
0.03626191876635132
0.04444650811236814
0.0020668545973500504
0.009872477537336275
0.03253454460274476
0.011732656150668347
0.021304343150864685
0.006346762035194673
0.006262531338011026
0.04147068540004438
0.00663991918514321
0.023100311072036844
0.009388655225537843
0.008759259472584683
0.006888734394973245
0.01089633057470347
0.0054819284318360995
0.006638661910187944
0.011506724558899914
0.01283334430559432
0.03625455746293533
0.04302906033086675
0.002956316687866553
0.0022020683624423302
0.01907013776630689
3.942049876830144e-05
0.004307059169347927
0.006270751370888995
0.007227669968423559
3.6792465517081096e-05
0.006644222187836258
0.004208922151859438
0.01734391154392296
0.011363331167937753
0.012672082573383661
0.008541351662158685
0.008992789400492569
0.012783640072152392
0.04302906033086675
0.003457346002386411
0.001783628011288121
0.006345622946236914
0.011337983599057076
0.006244127054471008
0.006533110812238066
0.014449668174903176
0.001552102946340517
0.009722161531251492
0.0036994151250868954
0.0025832263250243123
0.011567395808568257
0.027640449872566638
0.008081410256975138
0.13753448223607165
0.06447342389868585
0.02086443520804913
0.019247382877631326
0.008549972556420768
0.009138985068773146
0.018458274494005198
0.010131812784044536
0.055901339470790616
0.011024531196300669
0.013890819236785434
0.2130466447196866
0.08937027263866616
0.039523258031960905
0.012021262793637508
0.07129770743446447
0.0893864311905427
0.010566505035732714
0.009804584704266766
0.020797407179376986
0.12304128952835755
0.04611911133559835
0.02143270750914821
0.006545389258578121
0.008756588099552643
0.013723725688444157
0.012074697508455117
0.03843261098799475
0.008799792818590621
0.01585695080090913
0.04302906033086675
0.04605368065036127
0.03652540784982648
0.004983182783828229
0.006469369633632126
0.0026548712855896214
0.008374531283551001
5.2560665024401776e-05
0.0036994151250868954
0.01084218371687164
0.010303601382019066
0.0040550879364223864
0.004644765077003331
0.006503295853966131
0.013662751109614414
0.04302906033086675
0.014923940521533254
0.03957010635586098
0.1284216771221982
0.014110815301475883
0.01811446968104563
0.004242079627551592
0.012767357255267358
0.016791465832690314
0.04302906033086675
0.0023259042891272392
0.0036994151250868954
0.016082263652923007
0.009129576677045828
0.011410765784637051
0.007031702315645053
0.0038027619446225165
0.0039548695234599435
0.015461532611884
0.0036994151250868954
0.01044869601910739
0.0326312485245173
0.016225694721401417
0.023123306206706034
0.027963772274415325
0.004361514985525455
0.009196153363685866
0.04412057236374609
0.01887070707441251
0.023384634359045146
0.017054878303521738
0.006908789575861251
0.022679636535857722
0.02260469189428842
3.6792465517081096e-05
0.011466841297870367
0.0050751063865989545
0.004617224774107169
0.01588182384222805
0.0036994151250868954
0.0931085649486752
0.00899072401033583
0.00567672223017271
0.04302906033086675
0.007802629057161203
0.0031429390760720644
0.00869364121362138
0.006038780025802886
0.009049926360767095
0.0037334867981632038
0.015973355556479
0.05245674741662661
0.002141207752207804
0.0015393993762481768
0.016513259597967078
0.04866703325436385
0.04302906033086675
0.009469020956317981
0.012204805396307214
0.01365357853650792
0.002886427131708518
0.04302906033086675
0.003130133358253118
0.01357521808177709
0.006209739360264685
0.014111558878373112
0.009293747365990855
0.015669921439130843
0.007356722104963626
0.05323410640694383
0.018647182809600833
0.019634032361732206
0.0070431872466876445
0.02665780560126453
0.007006883278811643
0.00499534248596546
0.026345524047476903
0.0029617663754610644
0.006432366591793205
0.022898841416993037
0.002325082555858752
0.019252471858566354
0.009998615320539368
0.010729359016353465
0.005802874988071295
0.04302906033086675
0.01637810515048269
0.002167987766392768
3.153639901464106e-05
0.009264574844974989
0.0068486377692959
0.0023536040849960137
0.014856450151984942
0.0021785445962871886
0.007586110912519046
0.04302906033086675
0.006443787323983287
0.03368991534120067
0.002831646621950826
0.04302906033086675
0.04302906033086675
0.0023177542473481025
0.008191660744379032
0.00337541672955736
0.013575620965289305
0.005600042887458464
0.01211385012687919
0.010804959761469937
0.01744257489855815
0.030237583588521844
0.01684270603297915
0.002338391743566496
0.00686170409805882
0.00010512133004880354
0.009264574844974989
0.007238197779000082
0.050562158804614545
0.020120313676217028
0.007407505322644018
0.00683419796295754
0.008458101555085789
0.006771334617414793
0.09818980738747599
0.0060386918621483186
0.19793311728253288
0.014647585608632122
0.013840539065223006
0.014416563221798174
0.012944334205477115
0.0016075003406228752
0.006998830747820001
0.0049094899803961345
0.004446029950116409
0.0059767805874344085
0.008380196616719295
0.03895691427150284
0.007100885061666921
0.008245833316748746
3.6792465517081096e-05
0.011416179923431682
0.017733116978878256
0.01743009301620074
0.004564410248265819
0.0022039563809935284
0.012153945441493924
0.024941647350123084
0.00910354972463527
0.007486127873170169
0.009155826562345664
0.00171878416477453
0.006415901732935175
0.0031690434138229627
0.0029233727857997517
0.007037640110158158
0.009789437001338101
0.011702898344270737
0.012435185631752551
0.016375589185054863
0.02216225638920737
0.004117257140711708
4.905662068944172e-05
0.004144116529242235
3.6792465517081096e-05
3.6792465517081096e-05
0.003262266903392692
0.0066065836344227314
0.0017913228742248916
0.00523151851981504
0.010588077030244027
0.007009528209759088
0.0100613698614648
0.003326336908349308
0.007734800651511367
0.02543148034172758
0.05579388333114533
0.006099571323626523
0.0062432013228667345
0.040679420925621206
0.0016671487270103669
0.03503627349494391
0.003319095608190194
0.007155543365338
0.01091863544238803
0.012848075696913314
0.009344215963308995
0.00659844093230095
0.004786268051494347
0.01138771082425929
0.006647227116910121
0.005039726776287245
0.012983379660742827
0.005810064508435071
0.004158208124446683
0.04302906033086675
0.005067583326374539
0.010453079425219954
0.009255265596970276
0.02825929033841483
0.006971333211094412
0.009545261871320623
0.006168746050763474
3.6792465517081096e-05
0.0037011245819206498
0.004391173915398214
0.00464468346831528
0.04307798576508061
0.01023214011298159
0.0034912487904050172
0.01589114305421833
0.02678794504217449
0.001962104684708361
0.0026656722221036905
0.012057900179631762
0.0019756394993004213
0.008013343038194336
0.015786493952793672
0.0022047557274435916
0.01010613340794762
0.00930343713833516
0.01884126016636317
0.013151991623909745
0.008169077273858183
0.0038108567623616582
0.004455946130490183
0.0055957819896632535
0.0022237182492512216
0.019311401951939935
0.014344115097796362
0.009898939006923029
0.01887511383464321
0.011231869675495457
0.008810127029068028
0.04312057163909255
0.00498435227760276
0.04033476197279232
0.02064618880869873
0.009838083295166134
0.0020964787764933056
0.007034512459855845
0.04302906033086675
0.049355350163062146
0.005134866542191351
0.007021340223388348
0.02646240402500697
0.005312877512207505
0.005112374673652035
0.0052472157783915495
0.010076080099508068
0.01328742182940638
0.008275838133992637
0.0038102195559707986
0.014596758343019258
0.005577532128571733
0.012707585329436772
0.04302906033086675
0.011559801404123373
0.04011348087187336
0.0017269021824481417
0.012177545120516513
0.003841219190954033
0.051557978521161604
1.8396232758540636e-05
0.022141074928927282
0.006222444761062333
0.04302906033086675
0.010161456430319193
0.009898939006923029
0.007902497062515905
0.00677274824546362
0.00677316205287374
0.009262935179046415
0.0029233727857997517
0.0025366132057851342
0.004535753496402112
0.017406850452113695
0.01574287970363525
0.006113633663055206
0.02281224705229673
0.04302906033086675
0.002245180823762846
0.01443525429555189
0.05731713567818728
0.002061975157446938
0.0036320748043746185
0.007920306271566228
0.004648330167866883
0.012470860775668684
0.01969326910310983
0.00948200160067603
0.039475495372230704
0.00821406929842287
0.0069549809330685915
0.0022883431171847363
0.002007624312976453
0.014328239217668157
0.005941398121181583
0.0022445516049826603
3.6792465517081096e-05
0.002554519354415451
0.007867892926314285
0.0018953839143741197
0.014566236751218363
0.014561532109861152
0.029347092562265663
0.0036657624612162136
0.0028492479792010723
0.0129796387184563
0.005608881456423148
0.008076707023410493
3.6792465517081096e-05
0.01732733682022661
0.010252038509626025
0.04302906033086675
0.013834445261497194
0.017082976244292572
0.00624445266991662
0.006433832182744916
0.01578116197479915
3.6792465517081096e-05
0.011335051659774257
0.009044622228442458
0.018493882877618443
0.006032988904569152
0.0017269021824481417
3.6792465517081096e-05
0.0017269021824481417
0.004860193146415121
0.00221243549034444
0.009219095005729957
0.011734296510731629
0.004602009165677493
0.002260785512489898
0.02313480019719811
0.04302906033086675
0.016100030678107623
0.008148863085469103
0.006716734478312301
0.007250268257831298
0.013174233891836251
0.011096998835562555
0.004608670134845143
3.6792465517081096e-05
0.017682757285111907
0.0053941662473580175
0.02187870225531906
0.00853445012124245
0.006822903324423068
0.018535997052061208
0.0053967808432556314
0.013310165028150486
0.08575074114802397
0.009995403439963815
0.015713490001858142
0.020916387612371103
0.009167299556661882
0.005726841861362011
0.011176361438903914
0.0021225838888032107
0.0019756394993004213
0.0043560462219617724
0.012316534190814873
0.0017269021824481417
0.004937409010107445
0.04302906033086675
0.02052916010119847
0.004618662734291467
0.006453342217671455
3.6792465517081096e-05
0.004216473355242064
0.016124095858789846
0.003902840445427181
0.01470843119644425
0.021283926633158225
0.0021725275166758176
0.008904106253463008
0.013527136644093279
0.010469209411597461
0.0093469271522107
0.022877779418467935
0.008728349833451445
0.00947703312442384
0.009316333243322759
0.007087283612997247
0.028094541852235238
0.021905131256659115
0.004216473355242064
0.009244441724220473
0.004219062665296516
0.006221705852202987
0.009164071210528145
0.009164071210528146
0.025453919985970963
0.02488443455057631
0.00631939697208447
0.008409853820517583
1.8396232758540643e-05
0.022622797170759684
0.04302906033086675
0.029548686190551718
0.002381456504525756
0.0037348654607813037
0.0017269021824481417
0.021561515046289528
0.01175710957597696
0.004612489431397779
0.01597751639662108
0.008256049593078596
0.04302906033086675
0.0025589759135444404
0.006069282055819887
0.0019756394993004213
0.011162461021961619
0.005129535865477569
0.006017586586610666
0.00467664127166773
0.006841999904585477
0.006298115151043854
0.02213333109174047
0.025512124335227974
0.003935516809000844
0.018288619053554958
0.04302906033086675
0.015460947980904713
0.022854166531655794
0.01298148624672495
0.007155543365338
0.014933399077351571
0.008043180777362841
0.0088278693293703
0.012080782306665531
0.008659704517090671
0.01104148199855722
0.01576653536529251
0.008029076366070679
0.02939753418511757
3.6792465517081096e-05
0.006239542086061485
0.00419256274039003
0.005551084424911581
0.01019902313491959
0.025222813056622027
0.0045003270952946196
0.007937489764709933
0.006420087437194318
0.016671193484708725
0.004624648023083943
0.00518325968615028
0.010229893922839234
0.04302906033086675
0.004428844641823495
0.04302906033086675
0.01091012795194163
0.008201501314902073
0.015134673452957818
0.010693525445010786
3.6792465517081096e-05
0.001568331569341522
0.01638178550912693
0.01963668359663221
0.014005300521719034
3.6792465517081096e-05
0.004622753503588331
0.021481156033336272
3.6792465517081096e-05
0.0018779805830018653
0.005374463542290876
0.006915239088699099
0.0023364469991214924
3.6792465517081096e-05
3.6792465517081096e-05
0.04302906033086675
0.008924262970285559
0.004464417876989103
0.04302906033086675
0.011368759806214532
0.006840779743518286
0.019213186104737195
0.0038183098123630325
0.009695667346122618
0.025831100385130017
0.0030440032497406544
0.003834143360780678
0.011508285640672926
0.015878455630094317
0.013713951732056884
0.02609725836587451
0.05355705296412231
0.00901602405812929
0.007337294510849674
0.004461379392264488
0.014852086114523818
0.009848332010274085
0.011336816806247318
0.022885307449289877
0.003259059621723848
0.013896921008474526
0.009256429527724068
0.011087217862373657
0.004751501511417436
0.014186419904439947
0.004654557875581294
0.04129479629134989
0.021523825538950343
0.004270813693908923
0.004262927052177057
0.00636649429396625
0.004082739466074926
0.0033044119302251306
0.003178778654064274
0.014720792008557469
0.014857641056320824
0.006831189699490746
0.003434703376770936
0.01874081805755018
0.004004946445683773
3.6792465517081096e-05
0.015017214944890717
0.008158336370079391
0.014852086114523818
0.006735247399952477
0.005903358152529538
0.004038689485025756
0.04302906033086675
0.008985365213809843
0.010504724877198213
0.005941398121181583
0.01580729697985644
0.005941398121181583
0.00336710573945925
0.002381456504525756
0.013910429136860173
0.016949140595971312
0.011533194578808087
0.04302906033086675
0.05376482081848467
0.03470492862791778
0.02874098498354703
0.014280889280588457
0.008608671878086388
0.02358580066969476
0.009655421167593102
0.005125620486704454
0.00475069104471104
0.010925148706873564
0.010169106755499157
0.010169106755499157
0.008335970550957347
0.01583195291582503
0.005404581611772598
0.008277062175956267
0.020459907345316657
0.014186419904439947
0.021412849524512615
0.011810941899911852
0.0103684349477332
0.002796870583047142
0.00230817531723919
0.0021467259501612435
0.022760863751326944
0.00988068182523892
0.004687017560473542
0.019200259979030906
0.01578924967982071
0.016443139401946628
0.004450335126753975
0.00942868688370663
0.007239934959237676
0.013191157976064833
2.9433972413664945e-05
0.01235357045227433
0.0034593269429213213
0.04302906033086675
0.052478640157689105
0.10510990986770727
0.0259279781582708
0.020038530385126044
0.013754657375992971
0.0017913228742248916
0.05651240027551459
0.03325165307536821
0.006233903367091495
0.0027660947682620054
0.014387677366185153
5.518869827562191e-05
0.04302906033086675
0.006484661378612552
0.0021225838888032107
0.02250937355673361
0.007771189964567196
0.008891434728551011
0.010276886792981027
0.002241551933867716
0.006835402433731783
0.0017269021824481417
0.018364401690034553
0.009344468895953173
0.021167708857786353
3.6792465517081185e-05
0.006627879316046499
0.006377299905899771
0.008447157703860264
0.011188710944760275
0.002278151454681288
0.019731178568513905
0.004608670134845143
0.01138771082425929
0.01309559540970036
0.03302344574110283
0.024295129789252693
0.008412283329761733
0.00584664797042404
0.028071334775183553
0.002274354397800921
0.05220295843988324
0.03789876816650052
3.6792465517081096e-05
3.6792465517081096e-05
0.025795612434553746
0.03731464551330062
0.018520579667608818
0.03280082419956824
0.011980466361408596
0.03496685781995986
0.009208509114515815
0.010405508007624657
0.017316902075206607
0.018702353481063274
0.0063548438496390655
0.004745798540563589
0.039421408605526946
0.008730890353071152
0.00520071520494376
3.6792465517081096e-05
3.6792465517081096e-05
0.0039184762408145685
0.009042531856115364
0.008722290804429324
0.027789404381650555
0.003210310649632585
0.005887651106963348
0.002866726311889557
0.014772307909860156
0.028361722733134805
0.03139443173085479
0.002459802623777132
0.007997549770096342
0.02302847143762675
0.012399013953240386
0.020425173164487755
0.03258893398837302
0.013954274293241413
0.0019729252887630325
0.006709579774532363
0.002020442513124081
0.00525418195092647
0.008991921856503098
0.005794753306221417
0.005987124041188676
0.00917850656012794
0.0039050833593272695
0.03207847689608417
0.0019483908802035623
0.005731317834152058
0.013874951397981767
0.0036657624612162136
0.022214502248860728
0.004664247602256004
0.003157554134026658
0.006680566523387008
0.04302906033086675
0.008966455207588729
0.020420611516861673
0.0026656722221036905
0.04302906033086675
0.014278273871630899
0.043752966797735354
0.04302906033086675
3.6792465517081096e-05
0.0021508954892950276
0.010409714908126415
0.004664247602256004
0.005652272136377211
0.004603024790493348
0.002503952895812489
0.004753133637489328
0.002706581949679952
0.0041612945923377
0.014066402212070095
0.002036007272820017
0.010774531941773424
0.00722070768482503
0.008945960632286865
0.01530433640439672
2.207547931024871e-05
0.00336710573945925
0.04302906033086675
0.013402402443708522
0.011430626838016246
0.01033366135253305
0.004891039816640716
0.005576908509367824
0.009011438775224876
0.009067985350986187
0.019109146950575074
0.010446850002277238
0.012393342596123161
0.012539144096676093
0.0041318745524976655
0.014118041475606307
0.04302906033086675
0.015939082212666367
0.007296109308538251
0.00350916894893184
0.006883139692185585
0.0036320748043746185
0.010179542823360248
0.002316907937339512
0.012044374862753728
0.004112684926171876
0.026393197244274396
0.0016075003406228752
0.002167987766392768
0.012699243738872998
0.009245312380689746
0.007886769288006358
0.006035332382197812
0.00402607728664408
0.00821208123261582
0.010222393266180723
3.6792465517081096e-05
0.07327073718943364
0.0021994804147342046
0.014416134452400194
0.005430238262783729
0.01731771572976751
0.02589826410484273
0.007748215129611752
0.00798184835370255
0.003945850577526065
0.004476729233797487
0.012379325155344118
0.09166809043293839
0.02168341349006117
0.0063937044178081345
0.008634869493389308
0.0017338638184007256
0.004022787822121287
0.011119277577732126
0.00694914621597269
0.006980739620200521
0.005225855914586049
0.008408402976266079
0.002325723576182276
0.009465502962235554
0.05613859545429812
0.02158469676304759
0.006745635930017764
0.005406594634734419
0.004240883591076048
0.04302906033086675
0.010724059011715211
0.006578709948848014
0.003520796511188384
0.013310165028150486
0.003965758621881161
0.009005144966439177
0.02808096328269981
0.00989755944666815
0.006956488506732499
0.03946154380791691
0.007861600178637127
3.6792465517081185e-05
5.886794482732989e-05
0.01428271093691339
4.415095862049742e-05
2.943397241366495e-05
0.006878909116063114
2.452831034472086e-05
0.03353226904408167
0.01168474701131441
0.004171266481361033
0.005498199082433684
0.003144119725957966
0.0024322819937935866
0.003812579794169895
0.07613218443137304
0.009353115749992067
0.004612489431397779
0.011737181133030263
0.042238798194007804
3.6792465517081185e-05
0.014175135651384282
0.03393630073552548
0.007492540480467678
0.006873786094725465
0.007560731780581399
0.006747727994917597
0.016151992479923077
0.0062014937030852625
0.02771668917496767
0.006900824427131009
0.012231401364473194
0.008599242249354117
0.0036191267736032343
0.011409422957788065
0.025632659066586645
3.6792465517081096e-05
0.0017338638184007256
0.004457659801711047
0.006794893382462907
0.00930442335367798
0.01138771082425929
0.00834604691584148
0.003353431971828613
0.030393748278299573
0.034431339394748094
0.003866073994627569
0.006093343686786082
0.004622753503588331
0.0034323936549028357
0.006826226987118922
0.0017913228742248916
0.024606216915096915
0.0022445516049826603
0.018495373049527322
0.003569739132380348
0.01693029704144789
0.007016330484396923
0.008529851622681151
0.01270064254353144
0.009313872070890548
0.050323748327396015
0.016261549791888808
0.0031690434138229627
0.01747554933992748
0.040486750353732545
0.003820137461691049
0.009545261871320623
0.013733755206205353
0.008820298267472864
0.007554882443739762
0.004438776380294601
0.02281066690349164
0.011432750558618457
0.004608268899144626
0.022491178137653656
0.004611160763166995
0.006120852132685109
0.00209915620385633
3.6792465517081096e-05
0.01866066913778943
0.014346767715002741
0.02195443778714904
0.0017913228742248916
0.04248748195166646
0.0064434095729228435
0.004931718584949431
0.00474675787466521
0.004787507592155862
0.015031449349253689
0.013802153466328819
0.007000172005222087
0.006033758968844613
0.0026656722221036905
0.017354481651645073
0.011354197454432686
0.007812002222790796
0.002274354397800921
0.007838408654505379
0.005828034525167712
0.009443931649373185
0.007569539204042229
0.015734504045763785
0.004608670134845143
0.00466138757505675
0.05471610666409427
0.0113260540005775
0.003834143360780678
0.012933985800877892
0.006613406349575874
0.04302906033086675
0.0023246025163822914
0.0025038834437426777
0.05863518629657396
0.008014512379173127
0.0037827954802036714
0.04302906033086675
0.007357657581867882
0.014214807132144508
0.004525473046203176
0.0032435135115062514
0.0017075276851444782
0.00813329302915568
0.010504724877198213
0.00942632340768454
0.004899617809481869
0.011252692548694288
0.04454470017655033
0.00606568986919542
0.005887414035039407
0.011956963395580984
0.008288627524460563
0.013386304529719936
0.010863019258409786
0.005936188180872847
0.0015697466293091882
0.002977975296560136
0.010630775920951808
0.011444333816717498
5.518869827562192e-05
0.012572596240217806
0.011293819753419766
0.03286492432916463
0.0024454466988209434
0.005551084424911581
0.002747426489630958
0.013328538148939957
0.0023051388412495648
0.003844006205147599
0.002381456504525756
0.020500342696401427
0.008408402976266079
0.005149554695484709
3.6792465517081096e-05
0.007670730442160937
0.011610483792932147
0.004500456429159025
0.005149554695484709
3.6792465517081096e-05
0.011311639251207936
0.00409317198355901
0.03131121434386708
0.0042091274719865636
0.004392565429444978
0.0019756394993004213
3.6792465517081096e-05
0.006792871276794955
0.022184503729489286
0.0020015213485851816
0.0017269021824481417
0.018709727245546225
0.02701625658439021
0.009452271970207224
0.004949943686156698
0.019763833129762248
0.00976346519719224
0.009831126818038145
0.008240220128334324
0.003211944807344607
0.0033226002044119316
0.0019729252887630325
0.014344115097796364
0.013517627363709515
0.006686693491823706
0.024707055407665414
3.6792465517081096e-05
0.004645016264104944
0.008825649564892983
0.005510806063920848
0.038344964463616175
0.014596361530895394
0.003946789897374868
0.007563367014880801
0.005693602274210032
0.016958800705397705
0.011718939224067719
0.011194564110878755
0.006894401508087185
0.015970816359564318
0.006191518949953651
0.0017018309878624972
0.003553378062806277
0.007334678569426394
0.006821388203183149
0.0059921355280747445
0.00431815913078417
0.002028814587466157
0.014152229586127836
0.0016685369861636585
0.0024496654918634048
0.003569526477695007
0.004049121792265485
0.04302906033086675
0.015258221857051155
0.002183426874675655
0.0020406424153205436
0.04302906033086675
0.0015665281936268346
0.007453284622786784
0.006133687377382832
0.006962124708746449
0.008608907068784595
0.002895781932504192
0.006901913199723528
0.004085617056730438
0.010480227566159649
0.021481156033336272
0.005767784448969201
0.020629344489840995
0.013301444516836992
0.00409032530811043
0.02158469676304759
0.0070570512850615915
0.009457582242955575
0.017225928559759372
0.022319101723804143
0.014360467495940036
0.007255478648871454
3.6792465517081096e-05
0.007543625616538435
0.017384446878357163
0.019878739880340442
0.006087314384028756
0.009686552949148976
0.003217344211697937
0.020119218403459337
0.04302906033086675
0.002455130196211582
0.012364948839481821
0.01383774921543638
0.04302906033086675
0.012819823345927815
0.007078395618237163
0.006433392306027455
0.02010321288850923
0.034498129135123436
0.0059836801539675495
0.005524987323496899
0.00601234914853229
0.03269016573211465
3.6792465517081096e-05
0.003675648455443919
3.6792465517081096e-05
3.6792465517081096e-05
0.007335469778076672
0.04302906033086675
0.0045642669930445485
0.0066911813434847095
0.01659744538720902
0.008455919233316466
0.03277740063092805
0.017633063483319746
0.00935072741002382
0.037529267610963105
0.008274237885198585
0.04302906033086675
0.03747252551346154
0.0048956052209253855
0.02871105837849126
0.00744607043421004
0.017541031126185234
0.004615916773610997
0.010222699309741129
0.00911221935717677
0.0025803783926532904
0.00230817531723919
0.006005921375818236
0.008004534111194554
0.006955497621362997
0.004345036613710054
0.008004534111194556
0.00440204414405981
0.01699150874475113
0.012027009430089027
0.018044524465855423
0.01634084528128223
0.004687503717831217
0.0015864529487804686
0.06428734423946163
0.020907555403113433
0.04302906033086675
0.002055709799987058
3.6792465517081096e-05
0.00399488642463353
0.005792483866869221
7.35849310341623e-05
7.358493103416229e-05
0.0025803783926532904
0.013098852828238862
0.04302906033086675
0.016146089418100022
0.011824284484281439
0.04302906033086675
0.012319853583554209
0.012278853272533426
3.153639901464099e-05
0.004118343347479232
0.06445091554493554
0.006473196477966995
0.0025803783926532904
0.0117295823697618
0.0034698036547533805
0.008620904153756557
0.006440139135683009
0.04302906033086675
0.04302906033086675
0.011691216867559605
0.002264114072661366
0.0074615959000965135
0.003732958694117966
5.518869827562192e-05
0.01160952011587767
0.015172502649200177
0.009089761439332277
0.006381107887753521
0.005453132437660729
3.6792465517081096e-05
0.02495138049836143
0.001833069404875631
0.010252608646638515
0.0076779973323575414
0.010503586228648477
0.012716702245388858
0.006998305027268391
0.0049425222548795745
0.04302906033086675
0.0011404370901818884
0.012384747766449721
0.004739024945194956
0.003552580530167545
0.04302906033086675
0.003500231347036664
0.05374826556463714
0.03875922995147639
0.028736092039706184
0.08127435208882916
0.0069691343318705875
0.003646599765219401
0.004501513676005866
0.05731713567818679
0.0076796862330779266
0.04302906033086675
0.006172067359864005
0.04302906033086675
0.010001054542329014
0.009208617193942142
0.009046298098866954
0.006945717260891738
0.004032622030072526
0.004137407504039309
0.02497831298170387
0.04302906033086675
0.02630453114267692
0.007345522809591041
0.009745743997586214
0.014233345251264365
0.014270358589692396
0.005900688495879085
0.006057743059263873
0.004137407504039309
0.04302906033086675
0.0020669643623577854
0.0021290332365698186
0.004611108078417035
3.6792465517081096e-05
0.013342257255480054
0.04302906033086675
0.021607205116797937
0.00404355114954471
0.0019007239757624183
0.013813807127235775
0.004118343347479232
0.03265404710022625
1.981132758612066e-05
3.153639901464106e-05
0.004664293119139554
0.006215504739577268
0.06445091554493551
2.102426600976071e-05
0.004827352015514952
5.518869827562171e-05
0.017248075109218036
0.00403061447721451
0.026893101242815347
0.005993764350647414
0.008921869007221821
0.009144130031976859
0.0029476243178243205
0.0020669643623577854
3.6792465517081096e-05
0.0042857728748067455
0.01691654384325861
0.006817088994678437
0.007915043827043458
0.02138802953573365
0.05731713567818679
0.005216694498936987
0.01594750386682049
0.0020048476343195076
0.003884890047655178
0.013885213870717884
0.002280108019552019
3.6792465517081096e-05
0.04302906033086675
0.01507723825719844
0.0017546940079791113
0.013849768839628983
0.004669758057854829
0.008196261856839089
0.04302906033086675
0.04302906033086675
0.011269883652991912
0.008375304525495788
0.004392899927754585
0.0023166206265917413
0.0049399043434578795
0.0067504244242673535
0.04302906033086675
3.6792465517081096e-05
0.006508218622741772
0.004974699124009734
0.01364360754127605
0.006846648268435022
0.006929252754733457
0.002741904215956472
0.022824206145755404
0.009115091629396329
0.003169770138697723
0.008172675638580392
0.0067504244242673535
0.021354923860602032
0.005007298783380449
0.009571533298991578
0.002111116248540954
0.011202869953156017
0.015575221063431382
0.04302906033086675
0.004896174805060728
0.009388181964464394
0.0038627459281786966
0.0066428861757818905
3.6792465517081096e-05
0.015442294461622917
0.030076867768319825
0.0026855957936165148
0.04302906033086675
0.010839931728418038
0.0020316344015690797
1.0512133004880327e-05
0.010453279809502993
0.004834126029561939
0.006301874847370968
0.037593324323623646
0.026330951791483
0.004287057753242685
0.008313976375838918
0.022476123287474052
0.006653310622599949
0.0023436678819294702
3.6792465517081096e-05
0.001931331995555994
0.009461970413365717
0.006324213494400264
0.005113483755459602
0.0022690752019805392
0.0026653214410893478
0.007138768601446631
0.005085774074756791
0.00907018124928998
0.004129018530227953
0.0020179283439733394
0.007652085153903106
0.007799241402172511
0.04302906033086675
0.010408834001444475
0.010143105247435972
0.009433940773152719
0.013711310972664077
0.012759827554876355
0.004464522228404021
0.006195596911429974
0.0020406424153205436
0.0023249645467893873
0.006544392287881454
0.013398626988240573
2.102426600976071e-05
0.004724546221551339
0.002034645423298305
2.102426600976071e-05
0.01946925966433745
0.004580161737439383
0.04302906033086675
0.005195921356976122
0.004086650267010698
0.015579405775056229
0.005017037682216452
0.00921911668994969
0.02055163813672704
0.006132056760794531
0.00944846816358928
0.04302906033086675
3.153639901464099e-05
1.0512133004880327e-05
0.009403384478664688
0.0032952604959945514
0.014728666758236423
0.005365095127046135
0.004468085991409066
0.008912617169874728
0.0055308494381820115
0.00440204414405981
0.03668785224949945
0.0050048720585035315
2.452831034472086e-05
0.004536119955076266
0.0031771254292390573
0.0020233174153678458
0.006989631878055619
0.04302906033086675
0.0036200265385536233
0.003769233713825973
0.0022773472115975735
0.006386497107894003
4.905662068944172e-05
2.9716991379180986e-05
0.018340177334441467
0.009043604073369604
0.004067382056997731
0.018954377418624505
0.004336970058963186
0.004195043757704425
0.003711890363443019
0.007647493545949368
0.003751958984791537
0.003667519529698693
0.006270632887644989
3.6792465517081096e-05
0.010261925148012954
0.008391772818515622
0.00947429186784125
0.007268797259813585
0.0019512134929484482
0.0037899606546185623
0.002278855967029516
0.002316980145111809
0.004375901182291667
0.03869187171850255
0.017116917104361466
1.8396232758540643e-05
0.03090656431002779
0.03292166767353983
0.006941718531340852
0.04410464641905388
0.022006347442359592
0.009228672815683889
0.0017720281645829303
0.04302906033086675
0.04302906033086675
3.962265517224132e-05
7.924531034448263e-05
0.012148042988725573
0.004927527869864694
4.952831896530165e-05
2.7594349137810856e-05
0.009029422102905237
0.04302906033086675
0.0060535160475649885
0.003953533828845834
0.0030083117919030727
0.004391995650603827
0.014559287499385119
0.0018311265575320277
0.014123290761024247
0.07407780325773232
0.007318078563566802
0.002331806853606669
0.04302906033086675
0.04302906033086675
0.010575687816701486
0.007927941596488417
0.0059374196165867844
0.004043346270050232
0.0067636961861996595
0.028489443423698028
0.004598489970339961
0.009597983494680936
0.006498912462107376
0.019578896108548828
0.004136356469129486
0.0097224232307562
0.002278855967029516
0.0035223863542417667
0.005554854272127456
0.00375575505187458
0.00375575505187458
0.0037257705957745037
0.006162413310582928
0.019673276968173465
0.04302906033086675
0.0011607646479723022
0.00500806222221826
0.0055038238303123715
0.01652105938172082
0.004139758742320514
0.04302906033086675
0.004040285021005907
0.006107249383363693
3.6792465517081096e-05
0.00617020418785946
0.02537088511614833
0.0027293349257110824
0.008838938764177073
0.004765643850215963
0.018244420877495945
0.0070015190453499385
0.03073491413492361
0.08589328637282692
0.04302906033086675
3.6792465517081096e-05
0.008346471586755683
0.019382736127781484
0.02899200512374418
0.017407804588432597
0.010135599034176303
0.021607205116797947
0.0018522278855364334
0.04260274381424165
0.012861780227171027
0.003470319487555902
0.007863541838332147
0.003775266245213403
0.004058794435222137
0.003470319487555902
0.019452574781404722
0.003775266245213403
0.0020609676513098254
3.6792465517081096e-05
0.0042804268591312465
0.006569764526121598
0.00490230614980734
0.0023647835562744406
0.004402528706998482
0.010720125723413767
3.6792465517081096e-05
0.009011295028544083
0.002293989756219361
0.006235595990611413
0.007646642859249513
0.03234572707297046
0.025358100093492056
0.010213582088528583
0.009260123054863022
0.008304620392370218
0.00676160388432543
0.005001831106890628
0.008393936685426935
0.0018190532943263187
0.04302906033086675
0.004145654663289621
0.006771334617414792
0.00440290242175101
0.005058275638110458
0.007996093566781281
0.002356540719293568
0.017145723411438576
3.942049876830144e-05
0.013935248321962726
3.942049876830144e-05
0.011949119381887531
0.020917324886063002
0.012210024151450774
0.004085617056730438
0.004100409619561029
0.028648948962625712
0.006568909165432142
0.007703507595450334
0.04302906033086675
0.03512851073197712
0.00411455264422327
0.018515584314358614
0.03239791543527966
0.016273373917227982
0.004002470147415373
0.004659905561623607
0.011248325918565408
0.0022654301850742603
0.003198940940323612
0.04302906033086675
0.012354227715338294
0.006012676572763026
0.002034645423298305
0.010741587109239196
0.018651483690663856
0.04302906033086675
3.6792465517081096e-05
0.017474927305249324
0.005982648761946696
0.001724977320101751
0.007127465270826926
0.007159721546392847
2.9716991379180986e-05
0.012672947940102274
0.05188761819737972
0.0023182500161975997
0.0068194904058492605
0.007085090982359799
0.016009940784910078
0.02285325530614528
0.016365220428580473
0.005038749769983426
0.008267148355195215
0.013378151941229904
0.014114688592602237
0.032815509917658164
0.0039548695234599435
0.0036381588571857302
3.6792465517081096e-05
0.011424736844931156
0.0053497374011522505
0.012373802092153713
0.008512748908054951
0.022295321569656173
0.0024246277869173155
3.6792465517081096e-05
0.010352033669378417
0.01488431840687445
0.007128894665742282
0.015190206827691186
3.6792465517081096e-05
0.003977534151323764
3.6792465517081096e-05
0.0022766088460433975
0.01819961628743425
0.004039302111212986
0.006871359454157491
0.018320833312968705
0.007037704762119422
0.0022154643442420844
0.005824899707999015
0.013170324880362544
0.016430107222822427
0.007617925873860384
0.006989631878055619
0.00468311207945593
0.003924882064476616
0.02335706719434539
0.01290940378687092
0.027169941007185703
0.004128639206576724
0.011619155266157189
0.016483815946040238
0.01752305064798588
0.01716996655944896
0.009447438727639708
0.010549456132412115
0.0034611380407990433
0.009331348472970602
0.021596947309886802
1.0512133004880356e-05
0.0025515983335472844
0.004121545211324354
0.0027384400917407348
0.00230817531723919
0.009788487224296122
0.009272993717823743
0.014513090868815118
0.0042857728748067455
3.6792465517081096e-05
0.0056790739434743566
0.005583551414784358
0.0075730155821851115
0.004261251110430169
0.029139945172949346
0.01698243608277532
0.006487440078584043
0.005034409254821122
0.004782914172164246
0.007525332981655418
0.03230687854695709
3.6792465517081096e-05
0.040150574027757825
0.02077284648771625
0.0024224940674258486
0.00216244935644195
0.0171806145039956
0.0044603716245897014
0.04302906033086675
0.00603291970949902
0.012730223164558964
0.004679939253923609
0.02000703967206332
0.011397508955596956
0.008364774730741615
0.004731401170692386
0.04302906033086675
0.0020233174153678458
0.00376572072315229
0.01850163113960799
4.204853201952131e-05
0.004135078394170741
0.004893089304201349
0.030016630912178998
0.010865560493993549
0.013186013293926779
0.0077040944882709895
0.006967393441281173
0.028740984983546772
0.004159778225139606
0.004714311617409002
0.008454297567332769
0.007720500925254965
0.028740984983546772
0.02572169269647315
0.05857382045214513
0.02156594528956002
0.0070015190453499385
0.04302906033086675
0.04302906033086675
0.0047663439917105446
0.011894921339042118
0.015180139154011112
0.00955352478742195
0.020695135140309174
0.005268506596605675
0.016590719434776746
0.00973806626152704
0.011891063670667279
0.005577138310389203
3.6792465517081096e-05
0.04302906033086675
3.6792465517081096e-05
3.6792465517081096e-05
3.6792465517081096e-05
0.003939074678792597
0.007306585571931154
0.04302906033086675
0.00957336718909583
4.2048532019521416e-05
0.023658997902372407
0.002266239382379418
0.005603377188037687
0.04302906033086675
0.007814576917425526
0.02114967894156885
0.006410136459998576
0.01297228929659792
0.004333283166688218
0.021596947309886802
0.020048008393373166
0.012852877934944702
0.007091254790134776
0.004615733465476949
0.04302906033086675
0.0064006396317440074
0.04302906033086675
0.002210284718173335
0.0047777780627496665
0.0019860152291044293
0.023302193659662723
0.005602598394197485
0.009874496079186636
0.00745243312478764
0.014551901569265533
0.020716629057623833
0.014114476479632817
0.006746803238748151
0.011769097192416257
0.0020855207811903277
0.004558562695465413
0.00531632629468826
0.04302906033086675
0.019186357976708462
0.007633053446775328
0.009250335148407108
0.007535310684808733
0.007985751797062858
0.008536101964415854
3.6792465517081096e-05
0.006946291109383645
0.01838501176935573
0.04302906033086675
0.027857505904428287
0.03062098040080757
0.002086477564660451
0.006087475872849836
0.008479954932883354
0.003799481060839586
0.006936441633854327
0.00715420718106794
0.0067357282819964625
0.006128431788390775
0.02247159101278151
0.032202661468857446
0.004021306497935004
0.04302906033086675
0.04302906033086675
0.008328895785502912
0.011466149355297278
0.00405908026230269
0.04302906033086675
0.0037201936602066703
0.01807243278419781
0.0028532129586441735
0.00499046119279129
0.004893089304201349
0.006459486359729823
0.008983292364391085
0.008665914832375601
3.6792465517081096e-05
0.01628381624709403
0.0024941641058085205
0.015733671419800838
0.004739024945194956
0.003191159216719623
0.0070862824477413615
0.011538355350216285
0.0022947521979623064
0.04302906033086675
0.04302906033086675
0.004345036613710054
0.029602869382772783
0.006643770878775223
0.0034306965246825704
0.04302906033086675
0.04302906033086675
0.0061080224224265576
0.0059305430769295425
0.04302906033086675
2.1024266009760654e-05
0.009465459928785258
5.2560665024401776e-05
0.0019706459371384463
0.00213126431456262
0.0033358223687527814
0.014862853359526102
0.0025803783926532904
0.00712003578501707
0.004869194158055492
0.004792666892754431
0.02684776834974318
0.005085774074756791
0.012642204993977316
0.009351180994054053
0.004073840673956967
0.0068974985134536634
3.6792465517081096e-05
0.004456427730448522
9.90566379306033e-06
0.0030466789806776113
0.009334605355248425
0.0098183126248944
0.008174773765227803
0.010499586583161786
0.01493260221426083
0.015062393049411529
0.011450569207022039
0.007535310684808733
0.009351086994458534
0.006490613012733831
0.003217344211697937
0.00295048842433092
0.0020886060818270493
0.006526325134960647
0.007954737025298256
0.007035679382957336
0.04302906033086675
0.002223729465654624
0.0016595519123890723
0.012327414150327414
0.008726463669244944
0.04302906033086675
0.005576798701188755
0.003963446419790684
0.002053133078625213
0.007954737025298256
0.006302160378184606
0.011331934193475775