0.0005982642457209698
0.0003195184629338432
0.0009549466182621279
0.005413727662072131
0.001131860165901824
0.0013742446440367497
0.0015146648086019055
0.00040505812569376374
0.0007629595173996765
0.00037091871726549263
0.00031737470874257373
0.0003353709139420523
0.0021020114654731687
0.0020928775732230185
0.0009187481827202785
0.00032308923779090755
0.0013144242960280166
0.00035176928810429334
0.0013698536103702713
0.002107752090052727
0.0006994431664527329
0.0021361180043264045
0.0007041569522961848
0.0003233649441094127
0.00040538281519679985
0.0003602475819000074
0.001600526283332942
0.0007538731344456193
0.0003439606351789094
0.0005932288944619255
0.0005343216777006658
0.0007209542066972023
0.0007689094188398891
0.0017546313114347439
0.003233785395657911
0.0003792875104793543
0.0007204055143008086
0.0005344403077135452
0.0004547969652342375
0.0021301452392689527
0.0006769223398010454
0.0004402588510585718
0.011821982751751038
0.06890946919075266
0.0004386938295268809
0.0017907056568440063
0.0006466119116494941
0.0006278863821470299
0.0013175197197004898
0.0004189365320528666
0.0006068348764411242
0.0017572179494643274
0.00036599665949004
0.0010127155280999695
0.004554544337282536
0.059910901407851755
0.00033136799824648114
0.016237393447101085
0.0003242282279580127
0.0015361953003246735
0.0005354507890118144
0.0008339292902910721
0.00035721950921416805
0.003205203460136373
0.0020693694225397186
0.0003249009043296802
0.002217915944237242
0.00043950530764349084
0.0003391991053650114
0.0003236344773372217
0.0034990311543029156
0.0006748963852106083
0.0012197845233370634
0.0003544280240658594
0.0027966140536419006
0.0012397558407890924
0.0008519666372961787
0.00034569326431492975
0.0008212812884022025
0.0010243470176719048
0.00036981087698717265
0.0004978919965501392
0.0007165629569699793
0.0014521585751504959
0.00037461280204206424
0.0006565866518756781
0.005940988427561263
0.0009627255584890647
0.0006821642498478226
0.0006901140642167061
0.0005039070562752936
0.0010843047952614206
0.0008549089848805566
0.0026367532750784365
0.0008392917159888005
0.00041252543786606075
0.0005057251454504784
0.0007013084811020693
0.0005524540855023796
0.0004114449939813023
0.001560416752725124
0.0005922811889682655
0.002363880655219416
0.0019079848472074931
0.0003504540217200557
0.001496431907652967
0.0004394540941452649
0.0003403746711733143
0.001380206824553432
0.0008991907476732328
0.000504872766971723
0.00038598933624151255
0.0005831796251601783
0.00036700022302616674
0.00039781304086842215
0.0008395134655811896
0.0004508097550925006
0.0006258418998782863
0.00035871373344238065
0.0021265004954614244
0.00037878656871860995
0.0007316489434839829
0.0004011912071440822
0.0014842983818537043
0.000763876543828086
0.0003275865954361157
0.0011902760240014734
0.00034818569455806486
0.013801714893456446
0.0004942098710562779
0.00035364630840712064
0.0016067801518200376
0.00035176928810429334
0.0006008461023413989
0.007924031009362058
0.00041315828815352893
0.00046068500858153214
0.0006712450585368905
0.002702987886431654
0.0004336024086910692
0.0003820144913538591
0.00047201662964766177
0.0011632892715877868
0.00041995622345936606
0.00036980041848655004
0.0005697525279259652
0.0008709387997181724
0.00038327498564582105
0.0005057251454504784
0.0016387751538889592
0.0009676679147509916
0.00032981807215485843
0.0006034148500771752
0.0008839033972598425
0.00191523277031491
0.0003439273572742139
0.0004964947873149319
0.0004755709260185857
0.00044673943085224937
0.0010028462499741928
0.0003213662256987187
0.00043861984922791565
0.000744285820891106
0.0003752516812969707
0.0004389527291345282
0.00032972633394032203
0.0003504851639787827
0.00036307867465951805
0.0011418163981948661
0.0005057251454504784
0.0003531564007565461
0.0011992492750144267
0.0008488554419066641
0.0005391290241064846
0.001563882399398303
0.00047156845079776875
0.0014742713400265604
0.00042298591529655504
0.0014571785748609587
0.002477998767357394
0.0005250951230763164
0.0003357327127309402
0.000521093902748162
0.0003882000035241064
0.0018639901984017287
0.01088822132955172
0.011821982751751038
0.0009772991914286198
0.0004233037383593959
0.0005524540855023796
0.00037323490271061216
0.0012614219239938489
0.002112285364101286
0.0010710920758958157
0.00036884545633544396
0.0004866509145320909
0.0005026797258093198
0.0005291509818034959
0.0005057251454504784
0.0009191224011131432
0.0004263526899417728
0.0009845734937867182
0.0003324932546853598
0.00043490544838175547
0.000565105597090679
0.0005330065973551549
0.00032466693250138084
0.00035721950921416805
0.00220854030806609
0.0006691846305835809
0.00033441532797243764
0.0028863870718180023
0.0014776058364439242
0.0016672586169466232
0.00045239518008701965
0.0003353709139420523
0.0007588810754597515
0.0018185489520388478
0.000346838884747861
0.001271287011652304
0.014965178589143245
0.0007253207617284816
0.00033996831299489493
0.00037913208035954927
0.00040892319617313384
0.00032667885581801385
0.00032373140671846734
0.0015285062258656023
0.0006296620594140907
0.0006781713678753674
0.0004032748548554944
0.0004444183438865679
0.00044585787992377547
0.0003528920574789022
0.00044613849439406513
0.0005010718303300944
0.0011772195164790622
0.0003588908256137268
0.00047896224637217433
0.0005349466337004449
0.001484947652705998
0.11102932540808644
0.0022359165475389167
0.0004548382342660153
0.0005714655875335847
0.0005644494939967399
0.001525831440948718
0.0003184484010776176
0.0006283749986730456
0.000361995620603585
0.011163337499178508
0.0010245543245102683
0.0004527252550051964
0.0007008416195344801
0.0006276958165380781
0.00043396103241448886
0.000489589645265462
0.0006090886790793209
0.0012868679860882166
0.00086683931474219
0.0016011483025026117
0.00035121263122173536
0.00035620946609398233
0.0003383457077723493
0.0005964467490532899
0.000697974674142162
0.0008629273632447777
0.0009637341054132478
0.0005057251454504784
0.0003220618769347427
0.000374361134679571
0.003656210575847493
0.0012797412235009185
0.0007514328989301136
0.0015343895800790169
0.0007362455146008575
0.0013072493526211763
0.0007025182347661909
0.0020111446194946907
0.00038099016036133277
0.0018748039120088495
0.0005242597603564952
0.00034859301107483
0.0005865007080111959
0.0006553741024297751
0.0010564856150833914
0.0015310687403650518
0.0004991777221028665
0.00045035292095921227
0.00045635742587786467
0.0003326959333891304
0.00032552954107547134
0.0006892478775144847
0.0007623528625083164
0.0004399223125384026
0.0005057251454504784
0.002875160160961214
0.0023994824383452742
0.0005948711821517492
0.0007530541093257748
0.0003444884312750608
0.00035721950921416805
0.0004780890404213139
0.0003466797812987441
0.000803852643192379
0.0003687860642400912
0.00040942208477883683
0.0005133467379461106
0.0003695125856007222
0.00045130376195528246
0.000349150187654545
0.0005888253564325915
0.0030490300024235634
0.000734725941543665
0.0005057251454504784
0.0033648449117300184
0.0017601845217080096
0.00031992179515861346
0.0003244770812611506
0.0006845097392882864
0.0004267305643545541
0.00033439300059827327
0.00036372727519009597
0.05882100539224241
0.0009269279412373148
0.0010704491185897596
0.0004928227915879387
0.0006869785864774031
0.0016610626736628376
0.000734725941543665
0.0003367735493430421
0.001245120232980212
0.0008917423793000622
0.0018306662975900328
0.0004287416375401818
0.00039293859356096493
0.0003882000035241064
0.0005392980384636658
0.0009148700544979469
0.0006726461932765472
0.0006428295646468775
0.0004054579050922686
0.0005113559378744151
0.0013497296967768376
0.0012866364978958247
0.0005312917389528031
0.00032079914016942514
0.0008857016040500201
0.0006758413186597534
0.0005922855774896949
0.0006920855318382252
0.0005762732257844207
0.000798601791172385
0.00038667730997099623
0.0003355324174426199
0.00047779018859710263
0.0007424229594341124
0.00041816817200679093
0.0013943523870267344
0.0003171647641919535
0.0005612281021174784
0.00035721950921416805
0.0005097349568328183
0.002749075574552634
0.004694610694115587
0.00048340067522184424
0.0013043203032309175
0.006898330403565006
0.0004353236135344219
0.0004716329237380392
0.000530662590883952
0.0008877033513240845
0.0006281557114570421
0.0003229961996034429
0.00048007563206977933
0.0022739567007826777
0.0012722403258710279
0.00032750265827979165
0.0015779594107778348
0.00048007563206977933
0.000361161702864914
0.0004847270611222788
0.0007191900456864988
0.000364090004342587
0.0005880356969337668
0.00044415817110346576
0.0005713771566476482
0.00069892717394967
0.0003283558964599834
0.0015591333493766382
0.0005133383501773885
0.0007153919246422213
0.0027300303283676105
0.00034015274226441354
0.0008212812884022025
0.000991498112207176
0.0005026651696465779
0.0005631022328872905
0.0010302268273239014
0.0005389086324251726
0.0018466988008163474
0.0020256206203034025
0.0005361300404731221
0.00038017958628116226
0.0004611062830270137
0.0003882000035241064
0.00447460097325512
0.0009598965275469107
0.0011132724886790425
0.00034796234808563546
0.00036182922292150995
0.0003964879873429528
0.0030215460561771896
0.0015558918049148386
0.0003362702780806742
0.0022741254152258005
0.005516408049373405
0.0005119417607293494
0.0008198862760039335
0.0005788087110282841
0.00038204765671557916
0.004567698785680422
0.00039241482984570566
0.002974489772006253
0.0004712263091899892
0.0003610852232817732
0.0010744983196107703
0.0006253839782345749
0.001598809008799178
0.001380580652840864
0.0003776373102470973
0.002233807388102808
0.0011393236692588788
0.0003257320206388373
0.00032478610543447206
0.00037257617700612114
0.0007042101376622509
0.0003696623943981498
0.0005029273876173647
0.0005807700841974798
0.0005523941245300773
0.00032220045056754885
0.0007449918853722858
0.00039686832627723503
0.0003215677535038182
0.00036789500508896725
0.0006070969198085284
0.0009479471227163613
0.000506594226089907
0.0005313477090656423
0.0003400510430611476
0.0003840818295913581
0.00034432010449970474
0.0006411967655492403
0.0007201309393505122
0.0004840404128279815
0.0005309805566204596
0.0005400538346816468
0.00038622923140933265
0.0005980303630677649
0.0005057251454504784
0.0008519666372961787
0.00101627016238296
0.0013350158557709063
0.0013723597435773567
0.011187070050689767
0.00037688487091133276
0.0015403403754860984
0.0009164425725014273
0.00074847924369894
0.00044338183999240405
0.0010435989954525506
0.001068610252277499
0.00578252852926593
0.0013986620110643258
0.0016257992547845917
0.015883514018049133
0.007813000578764336
0.005343186748723696
0.0023011669730461704
0.002908379551086179
0.0008592411806851492
0.0005836690675178537
0.00041806186910901035
0.0022060723925177114
0.0012553318772997519
0.006015705580621885
0.006626647575248557
0.0005488520325798035
0.009170817485808228
0.15958957540913116
0.13270734678773424
0.5157102228863375
0.0007954264768882575
0.0010464571540532725
0.00038699553014602317
0.0004681234578955345
0.0015467250152727992
0.004459090282905407
0.0005346638134929748
0.00032131981742351725
0.00047404972359123195
0.00048506306824371996
0.0005057251454504784
0.0008733000920750835
0.001042021558935588
0.0004483148314624675
0.0004349294458303684
0.0003791320803595494
0.00035344530822766743
0.00031830126797591647
0.0005406552119552416
0.0019196824449463606
0.005005112856474805
0.18641615075137977
0.00040730094720745915
0.0006874139060427437
0.0010279919006428362
0.00036802367141746474
0.00040942208477883683
0.0003882000035241064
0.0005057251454504784
0.001612716366772902
0.00046153494995275864
0.0005232240988468359
0.00033086161187102173
0.0003249251510660907
0.00036736883966832356
0.0005586115127764174
0.0005057251454504784
0.12017635716913862
0.0005916313544099025
0.001396880574082931
0.0016977444833942432
0.002185322375798354
0.00044943661565776413
0.0005613733995964833
0.00254658364384452
0.000720650697736472
0.0007566278500295556
0.07858098018568423
0.000828130916791079
0.001388719064004567
0.0009162242353410099
0.0003181524416559134
0.001441802689743036
0.0009397866608371997
0.0007488893077385656
0.0009183352574094074
0.0005057251454504784
0.010235305696365734
0.001395909622386147
0.0005730391217390269
0.00031995179523608717
0.00047540673323267786
0.000413488792222399
0.0003694575037733681
0.0015430941444587855
0.001112177225524389
0.0006313294119637182
0.000579860025026851
0.001223479954582083
0.0004276145559317575
0.0003443135338264461
0.003072588781435684
0.0021792580626272323
0.00032766375803227227
0.000992770026958779
0.0007833864080892572
0.00039765259706455694
0.00035474524205161346
0.00046701466088793305
0.00036617514008674217
0.0005867204847690505
0.00039197551351517236
0.00047680545242878
0.0011888729959633017
0.0006139978140425487
0.000525977292934901
0.003021407939191166
0.0010181641164764283
0.0011383499585904296
0.0005501305545220955
0.0028521455041948638
0.0007636905123921678
0.0004904239123194314
0.000364090004342587
0.00038598933624151255
0.0005094374701629159
0.0026058069220987468
0.0003934331649859095
0.0008482951481444881
0.0008291352463111505
0.0005086842343525839
0.0003567026084090835
0.00031845334229416215
0.0005222290667121993
0.0006129726608850577
0.0003814481112715104
0.0007538731344456193
0.0006368656175338126
0.0003308627305289745
0.0005278199901752315
0.0003584240104316412
0.0009589799419136958
0.0003286060490210155
0.0018953647306254341
0.0016624346093870764
0.00035140012589611924
0.00032473793436036416
0.0003423852285001993
0.0006800270622868749
0.0006516807552682188
0.0003782626483942759
0.00044756459833124795
0.00037488446074216
0.00041155879836155115
0.0004772487846512492
0.0027802015325506797
0.0015021884043249973
0.0019862530043001066
0.0004375303845616522
0.0014952533947863622
0.0005801237139588437
0.0007538731344456192
0.0005295151600998712
0.0053178531875360405
0.0018563257353417474
0.000557320716106808
0.0005610643881594223
0.0004881766797975132
0.0004870607021206705
0.003113185096364449
0.00048562218048130254
0.005385315190846825
0.00039252769714490327
0.002238949525110609
0.0009104952852290752
0.0006230728354947229
0.00043396103241448886
0.000396858877254078
0.00047658939240930706
0.00039687344148174976
0.0015198881008553892
0.0004449105361869292
0.002957870609836141
0.0005524540855023796
0.0007616260237301545
0.0003200726041373729
0.0005505665248901329
0.0006171890115524662
0.004571493899122001
0.00045544151973783367
0.0003807966558557211
0.0024105380861484324
0.0009762458353808126
0.0012388280547274526
0.00035743346170818535
0.0019039119254892689
0.00031811690288104626
0.000689355327646603
0.0005061538278224887
0.0004338481793663914
0.000818404905564011
0.0004473774641190297
0.0010343927031428795
0.0007628624289362822
0.006257640562443702
0.0035522656792998284
0.0004366274043233457
0.00036123204810800994
0.0003413455001676156
0.00032691988366144795
0.00033276821040428844
0.0003385019197324918
0.004362405605492668
0.0003287223916890444
0.0003677909480776569
0.0005515052467937121
0.0008006943263803181
0.0003913006070187657
0.0007055603623280786
0.000753821451645065
0.0005437074399500748
0.0006555668038993588
0.001440227357326018
0.0005210596995185523
0.0007675371144518136
0.000352489629016394
0.0006452101321606258
0.00039590669041664466
0.00039801173144957797
0.005017124946304907
0.015924133934676527
0.0025620910187821254
0.0004105400741776003
0.00035103536901063566
0.0007032161630353534
0.0006946445197577564
0.0005764567563552616
0.0006354252186022402
0.0005398517711208458
0.0003949394227934566
0.0003383457077723493
0.0003909657600803886
0.0004014938999889325
0.0009131597965096152
0.0008243122261814552
0.0004788115413857297
0.0007890965556609265
0.00040845270506581575
0.0003266348970020132
0.0003257134167734099
0.0004992952267215404
0.0005395880267258613
0.0030493045066851505
0.0005159904187945467
0.0003820985986262737
0.0006969835163990372
0.0009397239134829258
0.0003198777206882846
0.0003261278362768979
0.0005872471625828514
0.0003556490057837952
0.002468663476372064
0.005729811892826029
0.0003235489712985519
0.0005147093507070169
0.0005935178219631446
0.000769092333190015
0.00044183905301299
0.0005755416527710844
0.00034468670258490776
0.0003484604539168579
0.0003929720646376054
0.00036262611001347967
0.002712039826907996
0.0004171836122649688
0.0003517930485180384
0.0004458987745280356
0.0008426985907734177
0.0005184339645408451
0.0003841041118690087
0.0004772478900881218
0.0008990098020140552
0.0020000500500115545
0.000507706315896968
0.00046874078817538616
0.0006609095740652968
0.0003246174337229623
0.004769575573436811
0.0003838642259155015
0.0006392625433671382
0.009960017181866374
0.0004090566223540663
0.00034352318746119727
0.0018219776243772877
0.001176909507824895
0.0009213785544546348
0.0032639784090998177
0.0011119062283126617
0.0007622018370421091
0.00033521625009674035
0.000661955039427114
0.00037323490271061216
0.00075203100775975
0.0016670324233834105
0.0005772504142290408
0.0006880438280012142
0.00041305201054697086
0.00040347719205960787
0.0003519102573990632
0.00234813174649672
0.0003951837051907226
0.000331282918765374
0.0004528989698236315
0.0003678829554841085
0.0013803629092981984
0.0013963606234114608
0.008474199797185587
0.0005095696086887819
0.0004338481793663914
0.00036034136890874787
0.00039422914282122626
0.0006738644895878168
0.0003586473950447973
0.0005675352145326033
0.0011151345568191423
0.0003252415779898517
0.0004991777221028665
0.0008130014070347266
0.0003910345481672692
0.00037021147371773833
0.0003262400418291727
0.0004027326538555755
0.0008100520867907892
0.0018824703811123214
0.0010929072898061712
0.002149185267949877
0.0004186345120643893
0.0006006246508589696
0.0006361031171512895
0.00033571893759218
0.00032461396831279997
0.000916916999444487
0.0004924873108765259
0.0005080231230434431
0.00034633105940968427
0.000383860081969206
0.0006921339945808509
0.0003555477859045855
0.0007617996544076307
0.0006493911522574039
0.0023529370031534526
0.00032682891681515253
0.00034401162259284476
0.001829808779866937
0.0005598973273344897
0.0006813495004862995
0.0003530746049702786
0.0008455617685679659
0.0031491997612766113
0.00037323490271061216
0.0049209030512356745
0.01020456111281998
0.0005075669897386065
0.0013863406447150546
0.0009796327036228896
0.00035882020392005476
0.0013108484835830077
0.0004188494360681812
0.00035719566126795916
0.003119178682982609
0.0005772504142290408
0.0003214951469993997
0.0005772504142290408
0.00039281945952858796
0.0003328610320330348
0.0006766095179158005
0.0009326369453753051
0.0005608912572280915
0.0004929341252666384
0.0014098618027357144
0.00040942208477883683
0.0007965004186443535
0.0008175429872304403
0.0005197481418066285
0.00045286177383676115
0.0005086560969993943
0.0005428375770661064
0.0004482801743389411
0.0003294609224663331
0.00042646477508195233
0.0003737841904254383
0.0004854558972086543
0.001752304385703127
0.0005252743552113591
0.003186382988352591
0.00033395463824002146
0.00035390963527453595
0.0005390591770411791
0.0010839319628484425
0.0011563641770732471
0.0019477005211923349
0.0007566734544988018
0.0008162272817299018
0.0008388049540748111
0.0003532574914763361
0.0003556490057837952
0.0003237203667602469
0.002285473938332859
0.0005772504142290408
0.00033007739595388515
0.00032932857507641676
0.0005488006964895117
0.0006204744394835422
0.0022861242490013135
0.0003710156776865431
0.03875350623650358
0.0004346192399876024
0.0003677920726848752
0.00046783262851386276
0.0009707516531563167
0.00032719486091021193
0.0005572071818489168
0.0003868067728093101
0.0004129738148544865
0.00039146156614445804
0.0015437520660843958
0.0005748454560656441
0.00044294410042504796
0.0005655080366983575
0.0003810029988212527
0.0007065622687509551
0.00047890538200080307
0.03875350623650358
0.0007146929846636403
0.0005062250106397282
0.0018283067759499417
0.0019526165996072737
0.002989912318911574
0.0009499922049525978
0.0006169254564947154
0.00039523525614434507
0.00041014049113810043
0.00032993222384806634
0.01961160197569569
0.0003423852285001993
0.0032974221057018686
0.0005431106755708556
0.00032891714981964505
0.0005772504142290408
0.0003465985814714964
0.0005401514783079912
0.00046007817025280247
0.0003715778948557488
0.0009351647569062114
0.0003330889073484484
0.0007475838617428786
0.0004014712707036995
0.0003556490057837952
0.0005362646185299184
0.0003738863635045826
0.00040091863185940155
0.0007793349532465856
0.0008190416622158339
0.00034521518147101644
0.002235951632106676
0.0009073934527228835
0.00034626323463198477
0.0008241281235728911
0.0003209749443074605
0.00274063034701308
0.0022181895301558643
0.0005333587860755048
0.00039801173144957797
0.0003443480403924727
0.0019873933463388635
0.08591999980727841
0.0025736546001192185
0.0008039679899341707
0.005404672258437353
0.16890558809191544
0.0009743091438598302
0.0004850581796461492
0.00032826255256897794
0.0006161611940095161
0.0003512658735344296
0.0003660740211153712
0.0005693269979694498
0.0007100771968811957
0.0007958715364056472
0.022730140011384552
0.000560064068558754
0.000895570895915836
0.0005597814725239189
0.0003879503743069793
0.0004870002180782202
0.00056871582392669
0.00036057295725044463
0.0003186459973387576
0.000795649127827891
0.09942056634820791
0.0005023585419269228
0.0005322086858927679
0.00032671719499677705
0.00032776728716024504
0.0007456636452429854
0.001915587155712869
0.0008852150118472764
0.0003231407655446925
0.000447062051129258
0.0003308251897252336
0.0003298776488500375
0.0003659720108725262
0.11849763756975366
0.0004734255982462556
0.0008519666372961787
0.0003312171283326579
0.0003921156406384077
0.0003266700217437906
0.0005607106882843684
0.00032430224260214107
0.00037323490271061216
0.0004928638684607229
0.0034184235459157296
0.0005993100185053073
0.00043334002022284564
0.000410468576568325
0.0008268308403879783
0.0003398138351797432
0.000340101222137731
0.0008297014858472441
0.00068139385017619
0.0016611341869600955
0.0007713589824502966
0.0036137110983192637
0.00046969384236899517
0.0007434363541796271
0.0003930983808087213
0.00046720309676552253
0.0005607563878861504
0.001346019109029607
0.0017109350717159789
0.0007739423174583197
0.000469286339621629
0.0005322617536321006
0.00043415586187700806
0.0004932085213979892
0.00041239426176533733
0.0005477086034844046
0.003815834588574731
0.0005011291898075072
0.0003680892713061659
0.0003630259455910716
0.001462998702542008
0.0005201519467834427
0.00047240083837665883
0.00035748454148463565
0.0003663703983561755
0.010322347077975228
0.000579873268317137
0.05690699256421219
0.002599814362209827
0.0003979821261894655
0.0003620182510089577
0.0013128430881852258
0.00039104584125467754
0.00046720309676552253
0.00039644175228735137
0.0005904122413479803
0.0004924480320303598
0.00034818569455806486
0.00045703764117581614
0.0004472036044468376
0.0004924873108765259
0.0007961165958894245
0.0004924873108765259
0.0009582164833888722
0.0005431106755708556
0.0009321828405572085
0.0006370871351619839
0.0008601588918962702
0.0003350594722185809
0.004080956171162126
0.002230025393558356
0.0003604947477160138
0.0004011598880054885
0.000641467721131837
0.00045738586535163685
0.00038367909950227057
0.00037008901648470817
0.00032981481291728215
0.0004436983770115766
0.0003963551082861799
0.00041373725214348465
0.0005195706056554276
0.0003810238481055626
0.0006022455070358604
0.0004350989331429668
0.001433067468503409
0.00041239426176533733
0.0005512545315191231
0.0005684705703983261
0.0015155389985274268
0.00032092512883895525
0.0014577142680538128
0.00034688139697343855
0.0029809356997319123
0.0005203083471668719
0.0005527941250195972
0.001153126332793073
0.0008745181563555896
0.0014585182536809326
0.0004055447033460215
0.000615946861910719
0.000610863087383807
0.0010163497686388474
0.0003977731492138728
0.0008892301783096505
0.13712545712656835
0.0003353709139420523
0.0006775231287597513
0.0006859661825145684
0.001068307930502532
0.0015149490708606084
0.0004514926230823063
0.0003287223916890444
0.00949786863000775
0.006214658262159012
0.002078290778441283
0.0003368338081686532
0.0006763268689646495
0.00039722407419229397
0.00032037289424991937
0.0005192877461902501
0.0003532574914763361
0.000551437529553523
0.0008048733883449747
0.00042682343906917496
0.0006123434884161642
0.0003274439871474571
0.0005132477991077516
0.0005772504142290408
0.0007437503328293439
0.0005193309794231406
0.000606977751047315
0.00044870614747425774
0.0004819777702228286
0.00036443306020510994
0.0005860830863622794
0.0004799747855123055
0.00035873868911009445
0.0008018447242884333
0.0004482801743389411
0.0007032161630353534
0.00041785368026567754
0.0006503716515265707
0.001883363441455424
0.0005819792455942335
0.0004556405686108924
0.0012284120100414756
0.00046892008870011556
0.00462229212516609
0.009440627150495744
0.0003459574844041187
0.0003459574844041187
0.0019526504118472959
0.004328504972913477
0.0026407711807947373
0.005554410139755855
0.00047890105073828825
0.004148769622044094
0.002122903330661958
0.00042800655561163123
0.0004392262299254274
0.0009245286392544125
0.0028156790935875507
0.0006442461325708274
0.000646870420497541
0.0006967505966798434
0.06688461362487644
0.00039857920752028175
0.00032671719499677705
0.03810054022254415
0.0005683301986314828
0.000776942803414589
0.0016330694489358473
0.000988102284365393
0.0004349644632561789
0.0006196021065536216
0.0008113724647637585
0.0012082184667780592
0.002221290779374232
0.0003334854386033491
0.0005693564091334811
0.0014399385514202348
0.0007071022450878834
0.0005815275030560985
0.000711021769459922
0.06776501197241025
0.0004517067747504419
0.00041989537639255204
0.0003526334472736985
0.0005853216487779588
0.0005433831490623996
0.0003427811907319901
0.002078290778441283
0.0007091721777862964
0.00035059623646930486
0.0037711703239201384
0.00034973956622504223
0.0003731411717808528
0.0003891894262014414
0.00032682891681515253
0.0004385211764588082
0.0003302204720541033
0.00035115101109045105
0.0004703423742729832
0.0003300412692636657
0.0005980945501152475
0.0005538798078236379
0.0003261278362768979
0.00034818569455806486
0.0005047928578014887
0.010082812886585569
0.00040942208477883683
0.00056871582392669
0.00039170147097777885
0.001873984072069958
0.0003302204720541033
0.0005808144024786456
0.00042847657209693884
0.00033462530364403045
0.0004153124507422227
0.0003334854386033491
0.00034596545005937605
0.002119108458133873
0.0003329272760861508
0.00041671874939855434
0.0008061980876207254
0.00045717982547653207
0.0024702821593481066
0.00038688562780217066
0.0009582164833888722
0.00040942208477883683
0.0004483627488037667
0.0007391299071001531
0.0006822945628383583
0.0033215012809433395
0.0012282505247210342
0.0005576100262026136
0.0005496321213688535
0.0008998921936732482
0.0007127595633079184
0.0007088399487666603
0.0007651995230994681
0.0007061494279778711
0.004792117379554637
0.0004622457262090903
0.006688249726276199
0.0007673895075842713
0.00036594587079756986
0.0006203197005118373
0.00033593752935092753
0.00042759189494176117
0.00045297873374087794
0.0006209738687662223
0.0005225278966092141
0.0005214826603828199
0.00043396103241448886
0.0006129726608850577
0.00044802178206308606
0.0027770016357456864
0.00041499743575186413
0.0004654146537539195
0.00033808024848154636
0.0004781995653425641
0.000721674426468183
0.0003256170292429551
0.008168148319292919
0.00045647212565216817
0.0027695636450086325
0.0003527557953010505
0.0008429221453224376
0.00043604237103619427
0.0007503370251745205
0.00039479331599953155
0.0005876402804888897
0.0003802227973885431
0.0007137929286948781
0.0004920080461205616
0.00032325507082227274
0.0004287288422497206
0.0003997746711112981
0.0003953522507728509
0.00039609742587495096
0.0006678161140162036
0.0013666230560879075
0.00039079089791073504
0.00047968510404014503
0.0006298464849444123
0.0003335318659665635
0.03820744693938778
0.001976376099504756
0.00032150592197256544
0.0006919532720734561
0.0004499131362312209
0.0004488741785006675
0.0003233649441094127
0.00040095396922256
0.00041448539769695195
0.0005447740651051806
0.00035390963527453595
0.00045261157410472476
0.009584395128376284
0.3868134444073681
0.000689039031689376
0.000394318248051879
0.0003543847156117324
0.0014642863394255293
0.0005154293549635823
0.0006212397944402663
0.0008273035982916937
0.0005408169659604536
0.00047451825307682013
0.0003526313591334388
0.00032741074884600055
0.0018457262243768877
0.0009615616268016679
0.0004985386949020543
0.0008080878966825067
0.0003333958666256299
0.0003371186781166499
0.00034777942701819673
0.0008711655547038209
0.0008403135861025175
0.00046007817025280247
0.0007338047253450765
0.000532775751407151
0.000433687890106684
0.0003846863234935502
0.0024986620017189067
0.0006200590597033448
0.00047221355513926233
0.0012077034049311785
0.0005539955603516874
0.001091189014733089
0.0009295861499788048
0.33081067434811656
0.1506709095526525
0.000426602361735838
0.09655415731349772
0.00032526856687818277
0.0004967204542328396
0.00339194230469096
0.00031854824197656356
0.0003953522507728509
0.0004709361645938554
0.000666460726982073
0.0009149414253644757
0.0007032161630353534
0.0004103694642547699
0.00038172754678737964
0.0031527238511411424
0.0003422736222986278
0.0009573745058973673
0.00044301419739895096
0.0004831613445963828
0.08354218678415255
0.0004652531257931503
0.0003287223916890444
0.000790974307296105
0.0005080231230434431
0.0005234050687580782
0.00044430434166379173
0.0009737066588765133
0.00039403089918236455
0.0008128877741126721
0.0006170040960167156
0.0013697224762834847
0.0020467785306838267
0.0013174029251032178
0.0005061538278224887
0.0006542721413000957
0.0011665264190917498
0.0003527318214783822
0.0007890965556609265
0.0005969551246086964
0.0004846899522023572
0.00035831443233466686
0.0005360702326187382
0.0013282665177737172
0.0009031201425226959
0.0005371770318322324
0.0009220718472774467
0.0005573094775853162
0.0004890560887423856
0.00037563067353493703
0.00034818569455806486
0.0006685252998363363
0.00046489388088382706
0.006651848164682556
0.0003287223916890444
0.0012815888602606823
0.0005893052866944251
0.08381369717277438
0.000503113250023209
0.00045878385166963004
0.002003876111498861
0.0005145615206981664
0.0005334212584078559
0.0005048290273473094
0.0003261278362768979
0.0004746808318218427
0.0007184212357834721
0.0006020673847300747
0.00046892008870011556
0.00037760610985238365
0.0004908337637568041
0.0007775145079459627
0.0006735047077860434
0.0004148844894591383
0.0004482801743389411
0.0009031074626630353
0.002901138860531727
0.0008271162458977255
0.000346862371370824
0.001372956620319833
0.000490059714671399
0.0003229961996034429
0.0004420184165584816
0.0003190072838956023
0.003892414544503997
0.0005196657163091655
0.0003724537539005406
0.0003572195092141681
0.00035730275709201087
0.0007547341026892164
0.000530121815756144
0.00035176928810429334
0.002527321081386376
0.0022135558967181987
0.0004472036044468376
0.0010286504934158202
0.0005843280307432864
0.0009246642912558522
0.0013773908590616905
0.0009706097284934705
0.0004484066667359252
0.000583020532855759
0.083551519160697
0.0006364973388900663
0.00045824568413898464
0.0003199449789726415
0.0003232498849305723
0.000328858375576443
0.0005714997388623095
0.0003376680964619967
0.0003661023191510137
0.0008730430461159781
0.00040894954450075994
0.0008565124392652907
0.0003541206519147624
0.00040185958398260946
0.0004328491373874801
0.0006422370213573889
0.0003977828432987287
0.0007506847505510203
0.0005431106755708556
0.001223491620449842
0.0006298464849444123
0.0007129817903151096
0.0003180405313247548
0.0003551553478799488
0.002332211404108479
0.0004725710381133657
0.000691302504674363
0.0003639305810354716
0.000680117697452259
0.0006418517606349717
0.0030654639176112917
0.0003817896220491918
0.0003516608786600306
0.0003556490057837952
0.00032815924194719087
0.001092343436866611
0.004817218252741533
0.00032891195051144444
0.0005772504142290408
0.0007113487887533007
0.0013915362855557117
0.0012576010352885463
0.0021650723110032072
0.00047779050701033516
0.0010036606060165564
0.0005142030509041192
0.0004917615333958714
0.0019862978153798064
0.0006137889344809555
0.0004517067747504419
0.0004171836122649688
0.00038481254474108243
0.0008244532201475388
0.000857473460413241
0.0003266348970020132
0.00034878375102925254
0.00045597406199470857
0.00035311210606912683
0.0021229985133015125
0.0009759727795954941
0.0003409397377400442
0.0009087665049121987
0.000585984139470649
0.00045069617337461447
0.002698066548295714
0.0006845111948096649
0.0006238275979887709
0.0009498273814388794
0.00036474922523661873
0.00032325041157569906
0.0005863045693168974
0.0003500863216401117
0.0004425825184236086
0.00037815275709181164
0.0003380602209769714
0.0003397826988013318
0.001247837552730749
0.00033083113388118437
0.00035460828041554513
0.000391830271847167
0.00038334955716816903
0.000323739056695348
0.0011506110195208248
0.0003585445247403001
0.0003289803802200645
0.00032658801682373934
0.0004860983857570711
0.0003586810023246105
0.000350880249268281
0.0005676033380004573
0.0006872457836446874
0.00035459963050680577
0.0005741400117739679
0.00033712499526034246
0.0006479918224629358
0.00046701466088793305
0.001067382503733812
0.0031946914197820944
0.0015920247111742304
0.000348063830731517
0.0003400510430611476
0.0004828059919264651
0.000623959797817629
0.000571353701143016
0.0004605270798136807
0.0005729919694213971
0.0005516205522988186
0.00035267670426661975
0.0004071723571516681
0.008912663676594336
0.008878138299222295
0.0005577489951794504
0.0008025938126157721
0.00035551108537723006
0.0009782142657237772
0.00034818569455806486
0.00043950530764349084
0.0003825996435269687
0.0004516568681215398
0.00034600292811569545
0.0009700974517489422
0.0004607455961359324
0.01704834734590756
0.000621646065721814
0.0007002517719042513
0.0005262554423777191
0.000616940085251143
0.0008119160236131349
0.0007745755326566109
0.0003892251379439503
0.00041940523310274964
0.0004099629918149326
0.00040025593384036937
0.00043948341625576755
0.0003233649441094127
0.001471858803764721
0.0005814302711909891
0.0007546450584866938
0.0007185436331291567
0.0007024669763516557
0.0011311610551302002
0.0005446396917536331
0.002121937843616578
0.0005553730793820419
0.00032235665980386436
0.0006887468778998543
0.00033836386539601483
0.0012456278218531062
0.0015393013233521262
0.004280737767813441
0.00033989984434211305
0.0003941867839744804
0.0016883171028170786
0.00036100610418164696
0.0014577142680538128
0.0005909762251083624
0.0005423942422514325
0.002241195996803759
0.0003816853605702817
0.000512267461058073
0.00039169489771539106
0.000732715572585604
0.00081281522987863
0.001403835954662379
0.0013492371247446574
0.0003657324710902351
0.0003221765416193838
0.016286488831295732
0.019050193205970314
0.00033675338578280194
0.0004302640857602718
0.00034714009083138274
0.0003585496789057499
0.0003591045929635887
0.0024863667448346066
0.002598087353034813
0.00036100610418164696
0.0005830234311366188
0.00035721950921416805
0.0010919831014452044
0.0008207173624381056
0.0003259669892908973
0.0006074446620349295
0.0006191005576126577
0.0014217512960722617
0.0003304740288519306
0.00041902407683526384
0.00043679123333234017
0.00036100610418164696
0.0004527912932607394
0.00033596244887010735
0.0003582745817887107
0.0005746082089991676
0.0003378951723044651
0.0003194162518589468
0.0003878973503673667
0.0003562796697765051
0.0004728968735785127
0.004914708440382095
0.00040042771141321124
0.0006814346743854884
0.0009804150249682288
0.0005768673146913753
0.0005051334388524163
0.0007965691469327095
0.0006141190619856315
0.0006667537915693465
0.00041135372233950054
0.0015358590171867341
0.0005453768451384552
0.001411989071378651
0.0009285863623908266
0.00039243165265491985
0.00046986520886025925
0.00032473793436036416
0.00039088296278094167
0.0006173829402872776
0.00046172887882973436
0.001791678848119398
0.0003226616172440595
0.0005834841315105152
0.004575650203681607
0.002272109358263159
0.0007820886934445158
0.0031014586036536267
0.00044981525599577975
0.0003791319371945339
0.0003272030240761304
0.000359540181560074
0.0004428530057991066
0.00031826390817565463
0.0007296697629768827
0.0003649492147471337
0.0004501736393977757
0.0003806928978741447
0.00046715266756339066
0.00046537442135569394
0.0005507468158371333
0.0004006835677108396
0.0006542067151210651
0.0003259669892908973
0.0008224213401741705
0.0004822748133828168
0.0004586985013291362
0.0008437978981549879
0.0007227000072133146
0.00041274882670049083
0.0011893850016504116
0.000405728747132517
0.0003198180811782663
0.00033209091152601304
0.0003428483534269566
0.000377488519698955
0.0003251935354851308
0.0012443610029626848
0.00032238489207293407
0.0004564177536176413
0.001116817008206472
0.0004917686684292682
0.0009422380522073439
0.0003304740288519306
0.003978524305751028
0.00036273652115563433
0.00043976653068084336
0.0004260522837998492
0.0006413003699823559
0.0006500179150798819
0.0004392625975471608
0.0004103910092289421
0.0005396696194314294
0.0016642960786891036
0.0004608296606191425
0.003477134335234363
0.0003570562144379046
0.00033630836079703093
0.0012503773416584554
0.0003548087534045969
0.00033209091152601304
0.0003288553629535534
0.000842723615042413
0.0015531858282712269
0.00042382859165469096
0.008525769583765426
0.0007327487910487258
0.00033370350511854196
0.0004061546314459034
0.002498261481647931
0.0003665745071460519
0.00034893073793443823
0.0024692075498611264
0.0003209147996090755
0.00033272966816622046
0.0003286060490210155
0.0021309893047728877
0.0003297828480331578
0.0004371685147827919
0.0005308881962952889
0.0007502895784142858
0.0003639305810354716
0.00033159248422104354
0.0005881807893462987
0.00035043927749036263
0.0005006844624811711
0.00032550133175388203
0.002037969800258238
0.0006654111515267761
0.0003175738351233611
0.00033443945020441814
0.0005170968660932086
0.001401840649458911
0.0003683352496082328
0.001047902298907751
0.0005222097825360461
0.0003838559342752351
0.0016511576479589314
0.0013604447714294593
0.0016663639345322477
0.0021251701255894408
0.0003841060246592164
0.0007249881465495269
0.00038498422659513583
0.0005192921545608232
0.0004910081100106634
0.0007662866822959352
0.001139929848571272
0.0003203364649627445
0.0009136571063379609
0.0012847461886961928
0.0007061219756923166
0.00036333172818522354
0.00035403358318993413
0.000883603398634237
0.0010544082864427787
0.00041343038928013607
0.0003195295928762527
0.00033943956320327723
0.00033895116866188864
0.0003917469827516466
0.0004380446212679193
0.0011026330248000208
0.0005361058240999517
0.0025887728468990193
0.002112102071459695
0.0006272793827601778
0.0023213354028772584
0.0015079958131313746
0.0005935240111922897
0.0003501936157602225
0.0003598940427032367
0.0003305533405864673
0.0004358177278729708
0.005539251681857382
0.0003349975668585193
0.00048410557097382565
0.0006696934171885498
0.0003381311178435493
0.0004655697100239096
0.0015150021960477484
0.00034009988869274457
0.0003241258422617807
0.0003985062175575055
0.00043755665670766294
0.00032063483104325676
0.0003521926108064546
0.0011327386476440236
0.0005631384453111232
0.001044117770826221
0.00047293214884681065
0.0006718585181436266
0.0005646405150419048
0.0003289803802200645
0.0004893463679279476
0.0006553559494174963
0.0011048664779373899
0.0005196132322025088
0.00034584245929329736
0.0004114546532007632
0.0003336099749046964
0.0005086516303065066
0.00034651658697573847
0.0003286060490210155
0.00040436561551111664
0.0003995313184583687
0.0003231875662151098
0.00039085531255333425
0.00038238028685110866
0.0005017483535990056
0.000513391412766023
0.0009198488847507139
0.0003415596948982105
0.0014691734038004252
0.0003387091911861145
0.0004641767136160705
0.00034974067010959305
0.0010229378361809138
0.0007393646020152261
0.00033714581867174396
0.0008089256468395483
0.0006447083535735687
0.0003525098194661173
0.0021281192531305624
0.003222075328418715
0.00032462683616319777
0.0009017536120232185
0.00038379018289128183
0.0010859727222552883
0.0003840105067109984
0.00040942208477883683
0.0003546771214641945
0.0005491610936853381
0.0003449792184858
0.0006317732569154348
0.0003406198425201401
0.00038077702728328506
0.002015778724254656
0.0005068438684421553
0.0003870659750543337
0.0007978727141246007
0.0006333086040330627
0.00033828432033051494
0.03792616285031069
0.00042851962948764916
0.0004966312131613164
0.0004382876240855149
0.0006694259221169483
0.0004701675922782061
0.00040087042630939344
0.000693735103803066
0.0004908161876747325
0.0005492935292013982
0.0003542611251848218
0.00037156205045465736
0.0003967502674262045
0.00038578241885104785
0.0003951096598252227
0.0019077188805549912
0.00034550406396432234
0.0003522017045260043
0.0008386426676477713
0.0030590900895908673
0.000559577914269875
0.0010545161000291292
0.0013452917447094282
0.001223907962774264
0.027413415564246594
0.00034818569455806486
0.0003328645110052248
0.0004122270335420383
0.0006097125814717187
0.00035891114787015547
0.00042202762968187153
0.0005162422789149144
0.00040060465417740814
0.0005461826291386519
0.0003195295928762527
0.0007175414657523626
0.0004145576354612744
0.00048162528213974425
0.0003616612031463285
0.00044631128980202544
0.0003474337834471195
0.001049943650701444
0.007817672859113365
0.0005358260690290372
0.00034562665174107737
0.00034818569455806486
0.000331764045943567
0.0006454840500429609
0.0011961528171725029
0.00039416705805070016
0.0003826860187069858
0.000538939559045307
0.002982391281671909
0.000636845732135095
0.0004927226681241471
0.00036163935747161885
0.00045864539859299524
0.00034370723070226443
0.0019268638913046742
0.0003967502674262045
0.0005133714078691107
0.00039358778874587995
0.00041649972323212563
0.00041649972323212563
0.0003628276214691099
0.0005274829582397338
0.000619844528028523
0.00040942208477883683
0.0003428441578564212
0.00037719469448898544
0.0005611249295654254
0.0010754618897491244
0.0003915731584970912
0.000375081844814051
0.00041837089714177216
0.0004346885396557911
0.00040942208477883683
0.0012320968079834783
0.0020715585101836425
0.0005019275162790012
0.001163428700736943
0.000558837808030486
0.001701496127203113
0.0006012352535683664
0.0022652820974099278
0.0015724727203160224
0.0003558458618595655
0.0003338041182379915
0.0005004511807991166
0.000999254566431212
0.0003858948652139375
0.0005707394636318412
0.0009725783884521246
0.00032969268464541244
0.0003368217291214103
0.00048149858185744137
0.0009895973810779147
0.0004010305962071381
0.00035124804395273806
0.0004803226755187822
0.0006136081453116424
0.0004010305962071381
0.0006070109673700602
0.0004650148726491923
0.0003550270655409598
0.0003797289035774255
0.0005440272346776603
0.0004890348616550151
0.0004656034613393309
0.00037935541910296734
0.0004569993384912501
0.00033110601722784145
0.0003348688398473139
0.0008313683233814682
0.0003377531686983262
0.0005481681400648039
0.003077731154400069
0.000396452612431913
0.0028442945496846106
0.0006025390545975303
0.0004214685024305344
0.0004679376012797945
0.003012395920476673
0.0004033694148577148
0.0004257933841937741
0.0003247101276033765
0.00032877235122985056
0.0005099326848708003
0.0004728069243546573
0.0005146654973839093
0.00040317943199942146
0.0007722215433523164
0.00034896431020854044
0.0004111620513846722
0.00041197778297444044
0.0010134292396722878
0.0003669435478390134
0.0005923421758003696
0.0025904133342235
0.0005207446598158172
0.00033712499526034246
0.0004521959104806812
0.0011831750866619396
0.0003793320738096195
0.0006521442148986488
0.0003193262163048991
0.003829357073983275
0.0003382656827320086
0.000592807084457642
0.0017452549930816296
0.0016913063384247809
0.00033029183741543086
0.0003742639653565982
0.0006583914808231217
0.00033952469371917283
0.0004075948172576033
0.0003423852285001993
0.0005858063069874796
0.0006325940886462016
0.0004114546532007632
0.0009634657882073499
0.000804899633752794
0.00034780991903096383
0.00032130444433517473
0.001026456963840121
0.0003898240753594218
0.00032882964467798606
0.00038876365982533205
0.00039412688509794753
0.00044263554787980395
0.0006001857488399917
0.007044559263580454
0.000423125663847835
0.000571104408373717
0.07461745233392465
0.29738143721663785
0.0006335625035915182
0.0005884704779146822
0.00036803601180863987
0.0004061878617733785
0.0006575478267509677
0.000691669262977177
0.0012059284401010543
0.00036736883966832356
0.000321154370529923
0.0003654456807101908
0.0006076230031208193
0.0004644551617068173
0.0004898224929372705
0.00038743931756610655
0.0009507637607667473
0.00034056563716569664
0.00036605976993046315
0.000657351004971161
0.000373603384530583
0.18616424734109077
0.0007737487502201564
0.00032617847347971355
0.00035331444731032227
0.00034090934730739327
0.0007490186954041616
0.001851660301230413
0.00035181292457236155
0.0004450439973011474
0.0009165644326651317
0.00035484925650747565
0.0003346733806747891
0.0005867593674813981
0.0005658532920844866
0.0005932160843397427
0.0005443044946809462
0.0003786674133948389
0.00041271616632573046
0.00041824761299353013
0.0007231944789734057
0.00038483977848641107
0.000801574182109311
0.0003637963817393831
0.0005955591170801248
0.00087444496607362
0.0007618194471440525
0.0011219904179161479
0.0008301323942814694
0.0011529473471628949
0.0003421938147534725
0.0007885253352165202
0.0009152372582022676
0.00032571151572328115
0.00033648695715030535
0.00032640821713501714
0.00031975991361871847
0.0014577142680538128
0.0005006506142926264
0.001466313397463042
0.00038582699705889864
0.000842723615042413
0.00031943094707056563
0.0005838029549546975
0.005859905723130901
0.0386565061067919
0.0003722413155888078
0.0022769668614161603
0.0004645203901410238
0.0007045624110171386
0.00038934437843527754
0.00040994130557704396
0.0005963505851689528
0.0003504540217200557
0.00032264098450357666
0.004057474408189932
0.003131086508058925
0.00031959869262790754
0.0008988908303084985
0.0008320796099092734
0.00043480850583019133
0.0003247376509857517
0.0004033472128240923
0.0011217380875783273
0.0004275750441363642
0.0012182650683195937
0.0011799349963337112
0.0005533047896081527
0.0007078146673436521
0.0003423852285001993
0.0010859727222552883
0.0005457253776754786
0.0024073672946068967
0.0012863618148370838
0.0007579601796156517
0.0003475870010672915
0.0041174272778871914
0.0004339330268362735
0.0014269725432778607
0.0004006731605383648
0.10194033443231405
0.00032990834090160855
0.0006117701629263887
0.0003826216738717195
0.00034741299006374964
0.00033420914367055475
0.0003220170199185888
0.000584649609671828
0.0008853966731603091
0.00046787712025199484
0.0006135399159583342
0.0003203282429036726
0.00034815071380544556
0.00036260964797175574
0.0005872753778818972
0.0005382068404903521
0.0005404164346678851
0.0007024400481931986
0.0003865576626126621
0.0005265329017557397
0.0004687851107571085
0.0006259115564230648
0.00033978301961654544
0.0003224145964485761
0.00037323490271061216
0.0003673282287095463
0.00034684692093710554
0.000353052478773166
0.0004232888518849942
0.0003429192637462822
0.0003253130384615798
0.000686641496002636
0.0005038848898649686
0.0015356227472223733
0.00040824907350789184
0.000560413853408976
0.00035721950921416805
0.0003986175768897519
0.0016905824850285377
0.0004976828816375316
0.002012139156382947
0.0004855028180770439
0.0009152372582022676
0.0005372975744777183
0.19988476836398064
0.00037384916321713885
0.0003640481560665795
0.00040942208477883683
0.00036075795243295994
0.00056871582392669
0.00036455388761159717
0.0003444884312750608
0.0003308808627182048
0.0021589292153517776
0.0030545618331313923
0.0012021657061673182
0.0005035254639374489
0.0006239754434926432
0.0009315459171567123
0.0006389012768809816
0.0004161197344533845
0.0016809799799518887
0.00045831017728292816
0.000427376842340899
0.09103385264649737
0.00032235665980386436
0.0007516196034119202
0.0005026396075187223
0.0010011716832248226
0.0008468902453599237
0.0003613965670960244
0.0007068499375738472
0.0003233967784239067
0.0005813883217483985
0.030464441783614085
0.00032132474506284974
0.0186859673152444
0.0012702519883815296
0.0003320832052029193
0.00042034372787339794
0.0007850716031510196
0.0005086570219714308
0.0010664735453141515
0.0005412577189861644
0.0005555711168113084
0.00044687757270846636
0.0026042735932533846
0.0012681674028006836
0.0011734210775344368
0.00037323490271061216
0.00034818569455806486
0.0005038621748048286
0.0006197515597651639
0.0004288081568987967
0.0003528229556907161
0.00032786705824454625
0.0006927807433931182
0.00036087565863145426
0.00039527665934613505
0.00034141326005678014
0.0009799578402592294
0.000656293248527564
0.00040515193687821165
0.00033499017290740976
0.001379300886891442
0.000480465384410133
0.0007115206624847096
0.00046172887882973436
0.0004247149732972812
0.0005760725589728503
0.0006382280864558324
0.0003546466856070383
0.0003421080041393937
0.00033215816069792045
0.00038168536057028163
0.0010219568323235088
0.0006520588370909422
0.0006209264845442453
0.0003223395598345235
0.00032139108359864783
0.00042906392007122985
0.0003538649894340275
0.00035655096004471193
0.00041468290492576695
0.0007614679069950106
0.00042828197571553644
0.00039299925995864646
0.0003734961800606445
0.00039215956072984217
0.001269539559262849
0.00036100610418164696
0.0011928000206919975
0.002038392800540938
0.0004710093412999382
0.002306280172433744
0.00048002822993344096
0.0007068211441165219
0.00040351907343533087
0.00043473242933064564
0.0003479228096836456
0.00033291106440800765
0.00037064126037390316
0.0003240527210412549
0.00033460510381051506
0.0005463226138818303
0.0005192921545608232
0.0005878409496333571
0.0004409455971391562
0.0007732060428705138
0.0006957606582256196
0.0014618995548323483
0.0006220339537776993
0.001700477817859419
0.00042534749524000224
0.00035551108537723006
0.0003258295156883517
0.00039525330714818593
0.0003800319107846227
0.0004087852509174635
0.0011518148831000782
0.0003458257305028373
0.0003780246720204734
0.00035918266379711064
0.00037072231436292006
0.0005767987174299896
0.000404038930308778
0.00041406943900951086
0.0004954111564265352
0.0003398195372456553
0.0004087852509174635
0.0026168914608684
0.0004406871885761525
0.0003287015129105745
0.0003409165194712286
0.00045486228096077786
0.0005410389385968733
0.0005136877883632532
0.0006394734142348392
0.0003616451133602349
0.0004008524959391492
0.0006840842904506201
0.0009212047510969015
0.0004477465833606014
0.007239068448316381
0.00043802559319981656
0.00042431620617931445
0.0005764794015848374
0.0005110431153234529
0.0006373457997617003
0.0005465209066583613
0.0005139859933496123
0.000778903873996872
0.0005978001788180763
0.0005675162541516895
0.00047462072892023155
0.0004315312941612832
0.0004315312941612832
0.0004836161628929299
0.0005555257561876402
0.0006529463510832766
0.00065309383835658
0.00035625252197187896
0.00048072433648261627
0.0004415665397476246
0.00038629167533131006
0.00039497611940783037
0.0005876721082819555
0.004026328323698154
0.0006863569237018033
0.0006619633664079004
0.0004817420854170923
0.001344977957337342
0.00044877487357876324
0.0005120596955534752
0.0004962792362764632
0.0006167360446084405
0.0005188798016402559
0.00037972856479141266
0.00043679234416817527
0.0005029848495333453
0.0003456334947399779
0.00038661443475909035
0.0005414732033051056
0.028281216892029587
0.0004254265345932405
0.02900548404990301
0.0005006349785793696
0.0005687158239266899
0.0005782081559584408
0.0005130190133034073
0.00035286606159061815
0.0003216570984006737
0.0005362650030207891
0.00045284055973875235
0.00038681503372055455
0.0005580295223318099
0.0005505276582421125
0.0004886713369437856
0.0005285748967053011
0.003565172169632722
0.0003200250378450149
0.0005687158239266899
0.00032461396831279997
0.00033099767058308014
0.0006031452199746645
0.0005687158239266899
0.004477705300118853
0.0005697704152896873
0.00037868168286105835
0.0006075712965532531
0.00040295059739836386
0.0005497838385610172
0.00033110866635394586
0.0005102162011663558
0.000544473561783047
0.0003715447059262263
0.00041767911516918377
0.0003924964273282134
0.0004206919789643456
0.0010688850292252551
0.00042255070979388583
0.00044528518395330784
0.00033146770874627993
0.00035322633799239584
0.001799962316846484
0.0003205283694114641
0.0005566277249860156
0.00035327722572021215
0.0007391676584628329
0.0005504258911575402
0.00042339904038119283
0.0004197196198500059
0.00045571920435638055
0.00033146770874627993
0.000544823550617743
0.0005630360573230251
0.00056871582392669
0.0003403040689663118
0.00041943878218756527
0.0010613669654216712
0.00035980722088846753
0.0003614861683548397
0.0008299077744739983
0.0004212497623566101
0.00031713091818351977
0.014456145623658706
0.0008290026421588575
0.0004332617960479185
0.0010659782983490505
0.0011320717091499292
0.0009321891919887504
0.00047408082656509614
0.000576231559315416
0.0030818029227832403
0.0005883447102264606
0.0007233678722859353
0.0004693731200860139
0.000510575709929725
0.0010907982556849888
0.0010821033679383394