0 13 219 372
1 1
2 406 476 465 348
3 2108 421 1447 2101 757 1520 1447 168 1521 505 550 421 398
4 736 280 211 427 91 64 364 145
5 1837 421
6 212 421
7 219
8 647 262 414 389
9 164 357 163
10 525
11 11
12 487 415 487
13 219 333 219 638 0 372 204 624 195 374 379 1088 599 27 459 228 633
14 275 197 214 1873 339 130 594 68
15 124
16 634 364 632 732 103 1652 108
17 63
18 537 286 227 620 21 227
19 375 1170 478 250
20 162 1531 1911 1509
21 2234 1156 620 93 392 1622 392 660 18 286 992 863
22 2201 634 944
23 23
24 1374 1469
25 326 272
26 962 572 194
27 932 211 13
28 572
29 1454 1360 211 1454
30 471 477 476 31
31 1441 476 534 579 766 30
32 218 1653 632 1360 892 1454 2019
33 474 250 208 474
34 484 465 473 626 1578 70 1672 1011
35 647 647
36 1467 1464 751 752 298 1481 451 645 1696 80 1464 2075 613 97
37 634 485
38 579 75
39 421 423 1240 184
40 74
41 613 1524 2259 2075
42 490 540
43 128 492 490 540
44 2162 542 44 44
45 413 192 367 2158 1558 2176 119 2103
46 1441 517 602 1973 1973
47 864 660 813
48 1240 465 476 260
49 1617 831 2109
50 481 1295 485 50 1461 739 481 737 50
51 465 473 476 213 581 1011 473 1850
52 202
53 360 284 796 2168 2091 277 1697 2049
54 250 626 1672 479 476 1799 550 1240 1949 131 478 1320
55 241 492 241
56 617
57 250 651 619 240 57 824 1447 102 1520 1447 1521 1693 1579 1560 57 824
58 58
59 392 2214 1041 882 1215 358 600 1264 996 480 1244 1784 996 216 839 1700 1446 1296 358
60 63 1405 570 2063 554 1646 784 1332
61 632 655 655 172
62 62
63 2045 164 1803 855 1027 1650 293 861 508 2019 800 523 573 2125 213 1721 223 60 1919 1933 561 264 439 17 667 1400 1088 132 322 1974 1873 736 744
64 2019 211 1654 943 111 1322 734 4 154 293 2140 1968 1088 554 587
65 288
66 179 651 134 2258 404
67 1873
68 14
69 544
70 34 1170 476 1969 1873 259 1223 478 1327 462 550 348 201
71 250
72 476 400 465 250 362 2003
73 623 318 210
74 1728 607 968 1393 2088 40 1902 327 583 2181 1873
75 212 646 98 174 2182 575 38 715 316 1980 189
76 367
77 573
78 634 632
79 476 115 1062 465 2059
80 107 36
81 1756 413 375
82 517 1672 2269
83 2256 2174 645 83 2256 1472 645 1058 2174 1541 1386 83 2186
84 1378 1184 225
85 928 283 2262 2257
86 86 1559 375 86 343 1619 1130 1681 1632 1720 1621 2179
87 476 400 250 406 109
88 655 634 103
89 1121 209 2056
90 501 1218
91 211 1089 757 4 427 211 92 1656
92 91 1089 211 427 757 258
93 537 660 813 395 747 453 1558 419 286 1420 863 565 1095 897 1958 1614 21 436 537
94 296
95 482 744
96 634
97 1828 1464 763 117 36 2045
98 579 75 2052
99 400 476
100 367 579 192
101 1846 995 1676 995 1635 1574
102 499 1850 619 1683 1560 1704 57
103 1640 634 108 103 105 655 16 2254 632 88 108 103 2027 105
104 466
105 632 105 103 108 2027 103 105
106 334 1753 1588
107 80 1874
108 103 634 632 16 103 1887 2027 105
109 250 476 87
110 565 395
111 64
112 512 513 334
113 934 1523 434
114 355 548
115 1314 2103 79 2176 136 637 1152 1201 1843 1517 2148 1162 1890 1558 921
116 117 635 117 353
117 1467 635 116 1464 353 635 97 116 353
118 1996 1635
119 192 2163 1136 1622 1153 395 537 367 45 276 2084
120 995
121 191 1257 332 697 193 1115 1321 1084
122 171 153 288 308
123 1409 1305 1934 2133 1030 1026 1930
124 364 634 15
125 125
126 1441 550 176 396 1412
127 127
128 43 1160 490 540
129 305 1303 1364
130 14 1175
131 634 131 250 54 131
132 63
133 199 446 267 368
134 1402 1469 870 1753 2145 1889 486 606 1727 824 855 651 2072 154 1133 333 1233 1090 898 1873 1728 1167 1324 772 627 756 316 66 2257 179
135 598 157 502 370
136 115 136 2252 2148 1761 136
137 645 603 1954 645 836 961 577
138 250 465 658 477 476 2097 658 1240 550
139 627 445
140 369
141 941 393
142 465 1240 471 467 471
143 1478 2196 410 1501 1184
144 481 177
145 211 4
146 206 367
147 432 430 2035
148 634
149 323 643
150 367 1268 1676 748
151 151
152 512 283 513
153 122 296
154 64 555 134 651
155 403 422
156 454 390 456
157 135 370 369 365
158 277 284 331
159 494 250 634 477
160 160
161 1374 797 1422 1421 335 2244 1786
162 250 335 20
163 357 164 9 357
164 163 164 357 63 9 164
165 566
166 623 167 598
167 598 181 166
168 3 636
169 634
170 1245 1617
171 296 1469 122 364
172 61 634 364 655
173 634 581 1311
174 367 75 1341 1073 1981 1130 1752 1980
175 1973 1635 1922 2273
176 1240 626 465 126 541
177 144 481 485
178 622 423 421
179 134 486 404 66
180 2013 1756 589 413
181 167 623
182 634 578
183 413
184 421 39 465
185 530
186 540 490
187 579 367
188 501 1370 1554
189 579 2052 75
190 190
191 413 375 121 1115 697 375 251 1321 750 1130 1962
192 119 45 1393 2083 1446 276 220 1756 2158 100 2205 759
193 1084 121 364 1085 332 1257 344 1988 888
194 26 242
195 515 13 228
196 499 1704
197 14 634
198 634
199 367 1074 1073 133
200 282 1635
201 476 1170 465 70
202 2233 52
203 649
204 844 13
205 637 205 476 205
206 146
207 207
208 1064 476 933 400 766 826 250 2066 1508 1911 33 474 933 1064 826 1509 429 1690
209 1776 1121 338 338 89 356
210 2230 73
211 64 91 145 91 428 4 27 258 2080 1088 624 493 599 92 536 427 29
212 1283 731 75 786 6 487 415 2163 1283
213 51 250 63 581 550
214 14 1551 2249 1551
215 215
216 652 59 480 358
217 367 783 1385 1725 375 968 2209 827 1632 1393 533 2004 1633 1885
218 560 32
219 13 219 865 13 219 372 638 459 228 927 7 0
220 491 273 192
221 2162 1302 356 1839 1121 2136
222 1694 226
223 561 63
224 1980
225 84
226 222
227 18 395 620 286 18
228 518 515 219 13 1746 518 195
229 934 2182 2138 1778 928 715
230 483 424 402 292 235
231 1753 1753
232 770 1325 444 770
233 317
234 1797 483 292 399 1558 399 1797
235 292 402 1706 1797 230 1797 2151 1706
236 416 250 465
237 1623 277 279
238 399 483 292 1121 1840 399
239 725 396
240 634 476 1780 1683 57
241 492 241 55 906 55 241 1411
242 962 194 1411
243 1863 1680
244 463 537 497
245 2013 1740 245 1169 245 1830
246 1883 1635 1573 1915 1635
247 247
248 645 763
249 485 330
250 250 138 2093 250 1575 1949 401 213 57 87 54 1578 477 109 637 1146 2053 131 467 478 33 236 476 159 1430 682 416 465 592 412 475 400 162 494 550 1508 208 534 19 1221 558 473 72 71 431
251 585 375 191 1040 251 750 2002 251
252 1117 377 684
253 465 348
254 633 500 1772 1562 1792
255 1388
256 369 256 256 502 365
257 986 363 413
258 211 1636 1242 92 258 364 258
259 70 348 476 465
260 465 48 467 813 476 1168 1949
261 623 502
262 8 1237
263 263
264 561 634 63 561
265 344 465
266 1169 677 1147 452
267 438 267 267 1476 1365 896 133 1439 1048
268 634
269 269
270 437 354 1967
271 363 1407 832 381 1756 1953 985 906 579 2051
272 1885 643 363 1045 1062 480 1075 1873 25 1345
273 220
274 477 1672 1002 1949 1850 1011
275 14 813 1407 996 2122 864
276 276 2084 1118 2163 119 192 276 2084
277 53 277 280 284 237 277 158 279 331
278 801 1044 838 2220 1185 1010 2080
279 280 277 237
280 486 1624 4 279 1307 277 796 1185
281 2207 634
282 200
283 152 657 85
284 53 331 891 277 158
285 477 412 476 398
286 1853 93 620 392 21 537 2234 18 227
287 363
288 308 122 65
289 292 289 1371 424 1323 289
290 291
291 290
292 1724 235 2151 617 402 424 289 234 1797 230 1706 238 1663
293 63 523 64 2045 293 293 1919 2018
294 1365 1048
295 634
296 171 297 94 654 1683 618 364 1578 557 153
297 296 1578 618
298 36 763 1164
299 364 634
300 485
301 301
302 678 1335 1777
303 1058
304 2113 304 1964 304 683 2113 894 1528 1135 2112 2046 2119 1602 1116
305 591 129
306 306
307 1860 634
308 122 288
309 310 311 496
310 1794 496 309
311 309 311 311 496
312 465 312 476 416 376 1697 312 2032
313 513 634
314 634
315 473 465 1011 550 1578
316 75 134 2121
317 233
318 73
319 391 465
320 709 1347
321 596 538
322 523 63
323 1160 492 149 643
324 324 1635 1254 787 2225 324 820 1525 1253 1864 1060
325 367 579 1980
326 1040 25 1810 1571
327 74 531
328 478 476
329 513 634
330 249
331 284 158 331 486 277 1656 331
332 193 1084 375 364 121 888
333 13 134
334 106 512 112
335 161 162 1922
336 413
337 1984 634
338 1776 1121 209 1493 1302 356 356 209
339 364 1054 14 1055 1054 1055
340 2081 378 532
341 342 574
342 341 1946 1952 342 342
343 86
344 344 193 1951 364 1988 344 265 888
345 1097 345 440 1606 1097 1743 345
346 346
347 1374 797 1361 364 1369 1097 1743 1374 640
348 476 70 253 2 259
349 1369 2178 1891 1617 1743 440 2188
350 465 581
351 513 512
352 986 376 1228 1225
353 116 2123 1464 117 1637 117
354 270 437
355 627 114 1111 1072
356 1302 1121 338 209 1493 338 221
357 164 357 163 163 357 9
358 1041 480 1355 1215 59 740 1264 996 59 216
359 1445
360 360 470 360 53 2049 1654 470
361 361
362 72 476
363 2054 271 2002 889 287 2004 1266 2181 709 789 257 272 1077 548 1977 1303 1347 1805
364 171 296 1730 2068 697 567 1133 1084 124 772 1348 1711 2239 486 1950 591 1085 558 1547 299 1191 2080 1507 1503 512 493 4 347 339 2138 804 552 1691 344 332 1115 16 2038 1321 172 2002 193 397 1743 258 472 797 1076 888 589
365 369 256 502 370 157
366 2080 1290
367 217 1341 533 579 1981 1085 1633 750 1533 2187 857 199 579 888 325 2103 1385 1073 174 461 1737 2158 576 1015 76 45 1980 2209 187 1814 1393 2002 1752 1124 100 2160 1725 447 1384 1402 150 1130 1632 119 532 1340 977 1665 546 1452 146 1873
368 133 1814
369 140 365 256 370 157 502
370 369 370 365 135 370 157
371 1132 501 2090
372 0 13 219 638
373 373
374 13
375 86 191 217 1657 1619 608 511 750 191 585 19 251 518 332 2002 81
376 352 312 473
377 252
378 1632 1129 1632 2081 1977 340
379 13
380 640
381 271 583
382 467 465
383 1279 1251
384 1508
385 1314 477
386 2161 543 804
387 2246 465
388 441
389 497 463 940 862 1783 1151 1338 1463 1231 1779 480 1784 2074 1754 1420 1991 1072 8 442 1738 1829 1385 2206 740 597
390 454 156 456
391 465 319
392 21 463 565 1784 59 1264 2220 2074 2234 996 863 286 1494 1355 1095 480 21 1385
393 141
394 634 632
395 93 395 537 2158 1457 395 227 1992 119 1153 110
396 239 126
397 364
398 412 285 416 3
399 238 483 234 399 238 483 1797 399 1558 402 234
400 476 250 87 1732 476 2250 208 99 401 72 477 637
401 250 477 476 400 465 465 473 1850
402 292 424 617 399 402 235 1797 230 424 402 617
403 1464 155 755 2010 422
404 179 66
405 413
406 522 550 87 1520 875 1399 2 1969 478 1590
407 465 545 844 477
408 1240 465
409 591
410 143
411 913 885 509
412 476 632 250 477 2138 1578 1451 2239 398 715 285 1507 1408 2035
413 413 476 641 183 45 191 750 426 479 746 180 1980 336 413 405 81 520 257 1393
414 8
415 12 212 464 487 487
416 465 477 250 421 1011 545 236 1451 636 550 1969 2032 398 312
417 1345 539 538 596 1345
418 596 2126 1345 1572 2164 543 601 2013 539
419 93 463 497
420 1551 2249
421 416 626 2101 423 421 3 39 550 3 622 184 421 1447 423 1873 6 178 5
422 1961 403 155 2010
423 1487 476 2043 421 997 1873 39 421 622 178
424 292 289 402 1797 230 402
425 556 2021 430
426 413 1980 2032
427 91 92 211 4
428 1088 211
429 474 1508 208
430 425 432 147 432
431 634 478 476 2143 250
432 1584 430 556 2021 1549 1752 147 1734 1553 1584 2024 430 1670
433 595
434 113
435 442
436 2051 463 436 2020 93 1614 2153 436 2020
437 1967 354 270
438 267 562
439 63 513
440 345 349
441 388
442 480 389 435
443 1837 535
444 232
445 139 2122 1007 982 2122
446 904 1062 903 1909 133 1955
447 367 981 1235
448 1211 1207 577 1212
449 1685 634 2242
450 571
451 36 659
452 266
453 93 647 565
454 939 156 1018 1234 390 1017 456
455 937 1404 507 458
456 939 390 454 156
457 457 1012 634 457
458 455
459 219 638 13
460 634
461 367
462 465 70 1591 1590 476
463 497 565 537 1992 1355 392 436 1153 244 497 389 1558 419
464 2090 415 487 1879
465 476 477 2097 401 250 467 1697 51 34 478 48 541 1969 416 138 407 636 260 253 312 142 315 319 1578 462 584 581 1240 1672 547 265 201 1575 1850 715 564 471 2182 2 350 401 387 473 611 484 505 72 236 79 184 1873 176 382 522 626 408 259 391 550
466 2078 104
467 465 250 476 1575 2143 142 260 1590 382
468 565 1995 1991 516 1742 517 1153 517 469
469 517 1991 468 1995
470 360 470 360 470
471 1979 142 1170 465 30 142 1552 715
472 634 632 364
473 476 477 51 465 2090 250 401 1726 315 376 1850 51 994 550 1508 564 1615 1011 34 1578 1722 1003 1873 933
474 208 33 33 1509 429
475 476 626 250 1575 1003 1240
476 400 250 484 87 564 1192 1520 656 1578 1168 1672 465 2097 79 208 201 475 766 423 1531 1165 412 715 2143 109 2063 72 400 626 1523 1521 1477 473 1021 637 99 1575 541 31 1487 328 1850 1320 2089 1675 362 401 431 2 1732 1221 1949 2215 2250 30 2101 205 348 1691 312 1873 240 522 1114 1240 467 505 51 550 1799 138 260 829 462 714 850 259 54 70 285 1170 1315 48 1223 478 1304 745 477 413 1590 1383
477 250 1240 400 476 592 1969 1240 2097 2239 715 1523 274 30 465 401 725 473 385 1406 416 2101 1850 285 550 138 1552 2143 564 1318 412 1672 1575 494 621 1578 2182 159 407
478 1315 465 70 1170 250 479 406 54 476 1563 328 431 19 816 1240 1969 550
479 413 715 478 54 1665
480 1784 992 719 1264 389 392 996 992 1215 862 358 914 1553 2122 1297 216 1075 600 840 1264 442 1238 59 652 1784 1463 1355 1072 1873 1700 272
481 1295 50 485 177 50 737 739 1299 1550 1049 144 893 1173 1645 1050 1009 1047 1461 1061
482 744 634 95
483 399 230 234 399 238 1797
484 476 626 715 465 34 550 1170 745 2101
485 619 1462 37 1550 852 739 1556 1301 1061 300 614 730 177 1645 1539 1049 249 1462 893 1299 2156 1009 481 50 1173 509 1652
486 179 280 364 134 870 1132 1044 1455 486 1280 1738 331 542 1307 486 1873 2080 1185
487 212 464 487 1879 415 12 487 938 1127 415 12
488 634 589
489 1023 1275 942 1020 778
490 540 2006 128 492 942 186 42 43
491 693 2006 220 1276 2181 1533
492 1276 1310 323 1141 514 2006 1309 1309 241 1022 2005 942 2006 1080 2149 43 1160 55 540 2169 490 2026
493 536 211 364
494 592 250 634 477 159 592
495 495 495
496 310 311 309
497 537 1751 463 565 997 463 389 2220 866 1558 1151 719 2092 244 419 1853 1118
498 1004 938 1388
499 102 196
500 254
501 568 188 371 90
502 365 261 256 135 369
503 634
504 634 632 881
505 513 3 476 465
506 1973 930
507 563 1404 455
508 63 561
509 569 411 485
510 510
511 375 1105 1257 884 695
512 351 513 2011 1655 364 607 152 112 1889 573 1753 334
513 1655 513 901 607 758 505 606 1914 2119 512 1889 2017 1989 2011 1500 112 1277 1966 329 1920 561 1336 1655 1753 152 2254 2115 1272 513 1113 313 351 1145 2145 932 790 1426 1068 439
514 1141 530 906 2169 1160 2149 492 1309
515 2110 1789 195 228 518
516 517 468
517 516 468 469 82 46 468
518 375 228 1746 515 228
519 519
520 413
521 634
522 626 476 465 1011 1003 1590 406
523 63 322 293
524 984 1979 535 891 1656
525 593 10
526 593
527 580
528 531 1106 886 1334 996 1073
529 634
530 1312 1310 2149 185 1309 514
531 1097 528 2260 531 2148 1334 886 531 327 1152 1106 1334
532 1633 1352 367 1385 1752 340 576
533 1342 217 579 750 1632 2187 1393 1385 367 1289
534 650 1344 250 1844 1892 1508 2250 31 1732 650 829 550
535 524 443
536 211 1505 493
537 537 93 1156 18 497 1622 2092 620 537 1751 1992 2158 244 395 93 286 119 1118 463 1153 2084
538 543 2013 1345 539 1345 596 321 417
539 2085 1345 2013 579 543 418 596 417 590 538
540 937 492 128 186 1629 490 1160 42 2105 43
541 465 476 176
542 1044 629 1045 486 2162 542 629 44 2220 542
543 1572 2161 2013 634 418 1632 386 538 539
544 69
545 550 844 416 1330 407
546 367 1752
547 465 2097
548 1077 363 1938 750 114 1063 1264
549 634
550 406 829 54 1240 421 636 745 1750 484 757 473 715 1441 2097 2101 1578 70 626 2264 1686 2236 477 2239 3 416 1691 1170 138 315 250 476 213 1315 478 465 534 545 126 656 551
551 1351 551 550 551
552 364 1348
553 553
554 60 64 1001
555 154
556 2021 425 432
557 296 823
558 364 250 634
559 632
560 2171 1886 1149 218 1650
561 1897 2007 1159 264 513 63 2008 1474 264 223 2165 1113 508 2072 1286 2040
562 438
563 507
564 476 473 465 477 1240 1578 1368
565 93 1742 468 1713 1257 1178 842 1153 2084 1355 1156 463 2234 1092 497 1995 453 2269 392 780 1241 110
566 165
567 567 364 567
568 1879 1218 1225 1214 1978 501
569 509 885 852
570 60
571 450
572 26 28
573 77 63 634 512
574 1952 341 602
575 75 575 1532 715 2053 575
576 1591 367 579 532
577 577 1324 1211 137 577 1211 448
578 634 182
579 533 367 271 2146 1452 189 187 98 2160 583 576 38 31 539 100 1075 646 367 1393 1385 2209 325 1632
580 628 632 527 2014 1336
581 51 465 173 350 2138 708 1052 213
582 813 1350 1561
583 2181 1902 579 2191 74 927 1393 583 381 583 2076
584 2239 465 1330
585 375 251
586 1251 1279
587 64
588 634 1684
589 634 364 180 1578 746 1430 488 1553
590 539
591 364 1216 1152 1106 1665 409 305
592 477 250 494 494
593 526 525 634
594 1407 14
595 433
596 418 417 539 2013 538 321 1345
597 389
598 167 135 166
599 932 13 211
600 718 480 59
601 418
602 602 602 2244 869 574 1973 46
603 137
604 1026 1777 1098 706
605 605
606 513 134
607 634 607 948 2191 607 1572 2164 512 1424 513 74 928
608 375
609 609
610 610
611 465
612 634 2201
613 36 41
614 485 1206 894
615 854 950 1537
616 854 794 1104 1694 1184 1247
617 292 402 1663 1797 56 402 1706
618 296 297 1683 1578 654 1615
619 619 102 619 683 485 57 1232 1519
620 537 1622 18 863 1118 286 21 227
621 477
622 421 423 178
623 623 261 623 166 2230 1788 73 181 1674 2137
624 13 211 932
625 634 1730
626 476 465 1011 522 2143 484 1240 994 475 421 54 1021 1168 550 1487 176 1003 1354 34 1949 2215 1477
627 134 1451 784 139 355 1332 1456 1425
628 634 580
629 542 1044 542
630 2240 631 1735 1959 1767
631 1735 1767 630 1959
632 1612 632 1611 655 105 1612 1505 559 1652 632 1336 412 1838 61 504 78 1975 103 472 1835 580 394 32 1501 1966 16 108 809
633 254 13
634 78 549 131 625 314 628 588 103 488 503 543 529 37 607 612 472 169 431 240 329 504 268 573 593 578 521 148 299 264 281 457 16 159 197 482 449 313 124 460 96 295 1124 22 172 173 394 655 494 108 307 88 198 182 649 589 558 337
635 1649 116 117 1653 1659 117 1653
636 1240 465 2101 416 550 168
637 250 115 476 400 1334 205
638 13 219 459 372
639 1388
640 347 380
641 413 750
642 1194 644
643 323 272 149
644 644 644 1682 642
645 1472 1893 1894 83 1381 961 1473 36 2174 1140 2256 137 2186 1386 763 1380 83 137 248 2080
646 75 2052 579
647 35 8 453 35
648 648
649 1608 634 203
650 1344 534 1110 534 1845 1351 653 829
651 134 2140 57 824 154 66
652 480 216
653 650
654 296 1086 618 1578
655 632 172 61 634 88 103 61
656 476 1441 550 1406
657 2276 283
658 138 1240 1240 138
659 451
660 93 21 47
661 953 1367
662 1307
663 1123 1548 969
664 773 717 1131
665 1123 729 969 1548 1289
666 842 666 1156 671 666 1153
667 1089 63 1088 1088 753 1220
668 1979 1071 1873 2049 1071 796 753 1088 1202
669 1197 1014
670 1287 670 670 1287
671 666 1420
672 673
673 672
674 1408
675 938 2237 1453 1458
676 950
677 1317 1255 266
678 1222 678 1222 302 1335 678
679 1240 1451 1354
680 785 831
681 1147 937
682 1430 250 1221
683 619 304 1232 1135 730 1116
684 1158 775 1382 1000 1028 687 1034 1403 689 902 252
685 1469 1088
686 954 766 1056
687 684 1134 689 687 1158 874 902 687
688 1298
689 902 1117 944 684 874 1158 687
690 1298 743
691 744 1012
692 1160 941 1020 693 694 693
693 491 1020 941 1023 692 694 692
694 693 692 1023 968 1020
695 1181 511
696 1407 1264
697 364 191 121 1084
698 1388 1023 1459 1023
699 1023 1023 1459
700 1208 1075 1238 1041 1374
701 769 765 1302
702 809
703 703
704 748 1901
705 1454 881 1454
706 706 1026 604 706 1291
707 1295 1550 1556 893 1556 1550
708 581 1052 968
709 1364 1069 363 320
710 845 1268 1440
711 1239
712 1005
713 2162 1044
714 1315 476
715 477 476 1778 412 465 471 1332 2229 75 229 2052 575 2239 484 550 479 2143 2239
716 995 787 1525 820 1635
717 664
718 813 719 1193 600 1249 866 719
719 719 497 813 718 1180 480 1375 1249 719 866 1029 718
720 1471
721 1270
722 882 2047 722 1873 722
723 989
724 941 1263 1755 1756
725 2159 1947 477 906 832 906 1739 239
726 1007
727 995 1635 787 1658 1635
728 1040 1216 1435 1118
729 1548 2047 729 1999 665 1289 969 729
730 485 683 2113
731 1283 786 2163 212
732 16
733 1406 1412
734 64 1166
735 1441
736 736 63 4 1360 736 1088 2080
737 481 50 1295
738 1295 776
739 485 481 50 1295
740 844 862 1072 389 358
741 1349 848 1341 1413
742 860 1252
743 1298 690 1298
744 1012 1059 2047 63 691 482 1199 935 2073 95 1870 2271
745 484 1170 1304 476 550 1383 850 1240 1114
746 1756 413 589 1423
747 93
748 1128 150 704
749 1094
750 251 1040 367 375 1356 413 533 548 1042 2179 2238 2253 1364 2160 191 1355 1118 1851 641 827 1306
751 1480 755 36
752 763 36 1828 1464
753 1220 1185 821 667 1362 668 1088 823 1089 1220
754 754 754 1058
755 751 403 1164
756 1044 134
757 91 92 550 3
758 513 1337 1336 1430
759 1144 1308 1015 192
760 1275 1327
761 766 986 811 766 811 812 825
762 1270 1430
763 248 752 298 1164 97 1481 645
764 764
765 1302 765 769 1620 765 701
766 476 761 1056 1261 208 686 1344 826 825 933 946 1110 761 811 1431 31 1358 954 812
767 1147
768 1045 1044 963 964
769 701 765
770 1325 232 232
771 1093
772 364 134 870 2072 2008 2262 2007
773 664 1131
774 774
775 684 944
776 738 1295
777 1475 1068
778 489 1038 1204 779
779 778 942 1204 1038
780 1314 565 1108 1260
781 1307
782 928
783 217 827
784 627 1451 784 1332 60 2063 784
785 1057 1057 680
786 212 1283 731
787 324 2192 847 716 2012 727 1635 792 1811 1146 1398
788 788
789 363
790 513 1864 1920 820 1422 1635
791 1046 791 791 1046
792 787
793 1224 1468
794 616 854 1247 1409
795 1128 1130
796 1202 1088 53 668 280
797 1369 364 990 347 161 1553 1422
798 1123 2181 2191 1393
799 1083 1229 1082
800 1288 63 1376
801 1045 1044 278
802 1192
803 818
804 364 815 386 1242 1360
805 989 1036 2192
806 813
807 945
808 1100
809 632 702
810 1294
811 761 766 812 1431 954 1261 761
812 811 761 766 946 1431 954 1261
813 93 275 2080 718 806 1949 260 866 719 1333 1118 47 582
814 1086
815 804
816 1170 1308 478 820 1896 1188
817 1302 1839 1371
818 1573 1913 954 803
819 834
820 1920 790 1864 324 1635 716 2192 816
821 1088 1071 1185 753
822 822
823 1362 557 1672 1560 753
824 1579 134 651 57 1560 57
825 766 761 954
826 766 208 208
827 750 217 1101 1483 968 1306 783
828 877
829 1344 476 534 650 550
830 894 1206
831 1515 49 680 1515
832 725 271 906
833 1147
834 819
835 1147
836 853 137
837 1074
838 1044 1045 2220 278
839 1288 59 1044 1244 2220
840 996 480
841 1483
842 565 842 1250 2099 666 1157 842 1153 1822 1385 1136
843 843
844 1995 740 204 545 1742 862 407
845 2050 710 1881 1642
846 1341 849 1266
847 787 1846 901
848 1349 889 849 993 1413 741
849 848 846 1341 849 849
850 745 476
851 970
852 485 569 913 885
853 1131 836
854 854 794 1428 1104 616 615 926 1184 1479 1247 854
855 63 134 1345
856 953 956 950 956
857 1130 367 1118 1124 1123 996 2173 2002
858 1245
859 1083
860 742 860 860 912
861 63 882 1977 1128
862 480 389 844 1042 1463 740 1180
863 620 916 392 1153 93 863 21 863 1217 1153
864 275 1129 1180 47
865 219 1123
866 1128 497 719 813 718
867 986
868 989
869 602 1421
870 134 1005 486 772
871 1147
872 1117
873 1219
874 1158 689 687 1134
875 1315 406
876 2275 1138 1160 1137
877 828
878 1124 1276
879 1105 1181 1271 1277 1360
880 881
881 880 504 892 705
882 1001 722 59 1244 1340 1006 861 1375 996
883 1053
884 888 511 1085
885 411 569 852
886 1106 1264 531 528
887 2073 1019
888 332 367 344 1084 1085 193 364 884
889 363 1413 1048 848
890 890 950 967 890 1395
891 524 284 1656 1656
892 32 881
893 485 481 1550 1539 707 1556
894 830 2113 614 304 2114
895 1124 1276
896 1341 267 993 928
897 986 93
898 1133 134
899 908 900 2080 900
900 2080 908 899 899
901 1181 901 1469 1113 901 513 847 1474
902 1117 687 944 684 689
903 904 1062 446
904 1062 446 1955 903
905 1419
906 241 2005 514 1947 938 2159 725 271 906 906 725 832
907 907
908 1044 908 1302 899 1319 1725 1352 1633 1632 900 1405 908 2080
909 1288
910 1337
911 1147
912 860
913 411 852 1089
914 480 1264
915 1418 1887 1774
916 863 1237 1153 1217
917 917
918 1185
919 1104 1635 1635
920 989
921 986 115 1259 1162 1201
922 1065 1063
923 923 923 1104
924 1123 1384
925 1123 1826 1756
926 1479 854 1478
927 1123 219 1342 1132 1345 583 1939 2191 1977
928 1385 607 85 782 1393 1288 2138 229 896 1345
929 967 1172
930 930 1357 1450 1064 930 933 1163 1372 506
931 931
932 1362 513 27 599 624
933 930 766 208 1777 473 1972 208 1031 1064 1357 1372
934 2182 113 229 1315 2138
935 744 1012
936 1926 1434
937 1137 455 1404 540 681
938 487 1309 675 906 498
939 1432 1437 1147 1263 998 456 454
940 1339 1385 389 1338
941 141 724 693 692 1160 1263
942 492 2005 2006 1020 779 2105 489 1275 490
943 64 1185 1089
944 22 1000 1028 689 775 902
945 807
946 1056 812 766
947 1108 1227
948 1424 607
949 1227 986 949 1225 949
950 1298 950 1127 1346 676 890 1331 1291 615 1087 950 856 1363 956
951 1240 1441
952 2275 952 1137 1366 952
953 856 661 1343 1367
954 825 811 812 766 686 1110 1941 818
955 1044 1045
956 856 950 856
957 1194 957 1838 957
958 958
959 1119
960 960
961 1045 1044 137 1140 645
962 242 26 1309 1411 1366
963 1617 768 1119 964
964 768 1397 963
965 1143
966 1234
967 1198 1013 929 1378 890 1920 1060 1236
968 1020 1123 74 217 1246 827 708 1306 694
969 1123 1548 1370 729 665 663
970 851
971 1324 1328
972 1265
973 978
974 1380
975 1309 1276 1275
976 1342 1393 1353
977 367
978 973
979 1125 1126
980 980
981 1085 447 1235
982 1007 445
983 983 983
984 984 524 1790 1979 984
985 271 2179 1123
986 949 897 1096 257 1385 352 867 921 761
987 1395 1120
988 1294 1227 1394 991 1387
989 1256 1035 1037 805 2192 723 1635 1442 868 1155 1444 1036 920
990 797
991 988 1387
992 480 21 1216 480 1264
993 1341 848 1349 1439 1476 896 1873
994 1003 626 473 1011 1011 1003
995 101 995 1846 727 716 120 1896 995 1635 1574 1525 101 1155
996 480 1042 2002 1132 59 1264 857 1435 2047 1128 1006 392 275 1981 2064 1977 528 882 1700 840 1296 59 358
997 423 497 1071 1108
998 939 1147 998 998
999 1441 1406
1000 944 684 1117
1001 554 2047 1873 882
1002 2090 1825 1003 274 1011
1003 1825 1002 522 994 475 626 1850 473 994 1011
1004 1388 498
1005 870 1005 712 1005
1006 1264 882 2220 996
1007 982 726 1385 445 1095
1008 1455 1324
1009 481 485 1295
1010 278 1044
1011 626 315 274 1949 1850 522 1590 1825 416 1003 994 2090 1672 51 473 34 1002 994
1012 457 744 691 1199 935 1397
1013 967 2211
1014 669 1318
1015 1127 367 759
1016 1214 1218
1017 1023 454
1018 454 1234
1019 887 1295 1051
1020 1275 489 942 968 693 692 1326 694
1021 1412 476 626
1022 492 1401
1023 1023 699 698 1017 698 1023 489 694 699 693 1453
1024 1470 1098
1025 1142
1026 123 604 706 1291 1210 1305 1428 1098
1027 1376 63 1264
1028 944 684 1117
1029 719 1375 1375
1030 1127 123 2251
1031 933 1127
1032 1032
1033 1412 1441 1447 1442
1034 684 1382
1035 2192 1036 989
1036 1274 989 1037 1035 2192 1635 805 1699
1037 2192 1036 989
1038 778 779
1039 1288
1040 750 728 1427 326 251 2002
1041 1264 1238 700 1208 358 59 1296
1042 1324 996 750 1324 862
1043 1179
1044 1044 1302 1045 2220 955 2080 756 542 278 1044 713 908 1185 486 961 768 1045 839 1140 838 1010 629 801
1045 1045 2162 1044 961 1045 542 955 768 2220 272 1044 801 1140 2080 838
1046 791 791
1047 1299 1049 481
1048 889 267 294 1365
1049 481 485 1299 1295 1047
1050 1295 481
1051 1019
1052 708 581
1053 1254 1253 883 1196 1482
1054 339 1055 339
1055 1054 339 339
1056 766 1110 946 686
1057 785 1245 785
1058 83 303 754
1059 2253 1407 744
1060 967 324 1913 1775 1470 1915 1846 1635 1603 1811
1061 485 1295 481
1062 1062 1662 79 904 446 1062 1878 272 1955 903
1063 1778 548 1111 1072 922
1064 930 933 208 1777 208
1065 922
1066 2181
1067 1485
1068 1475 1068 513 1475 1068 777
1069 1422 1100 709 1347
1070 1288 1278
1071 2043 668 1202 1623 1576 997 821 668
1072 389 480 355 1111 740 2206 1063
1073 1128 1980 367 174 528 199 2002
1074 837 199
1075 700 480 272 579
1076 1104 1102 364
1077 1077 363 1938 1077 2205 548
1078 1281 1300 1282 1284
1079 2087 1827 1256 1922 1927 1915
1080 492 1309
1081 1081
1082 1139 1251 1083 799
1083 1083 1082 1251 799 1273 1229 1083 859
1084 364 121 1085 332 888 1115 193 1321 697
1085 367 193 364 1084 981 884 888
1086 1097 654 814 1174
1087 950
1088 667 1089 211 1362 1185 13 64 63 736 668 428 796 685 821 1189 1185 1873 1220 1202 753 667
1089 1242 1362 667 91 1088 943 1280 92 1185 1202 913 753
1090 134 1233
1091 1322
1092 1369 1361 565 1374 1933
1093 1093 1093 771
1094 749
1095 93 1007 392
1096 986
1097 1361 347 1086 345 531 1743 345
1098 604 1024 1184 1026
1099 1116 1135
1100 1364 808 1069 1984
1101 827
1102 1869 1985 1076
1103 1147
1104 616 854 923 1104 919 1076 1104 1486 1346
1105 879 1109 511
1106 1364 591 1334 528 531 1417 886 1152
1107 1281 1282 1284 1282 1285
1108 997 780 947
1109 1277 1105
1110 650 1056 954 766
1111 1072 355 1213 1063 1389
1112 1304
1113 561 901 513 2072 2072 2189
1114 476 745
1115 191 364 1084 121
1116 1099 683 304
1117 689 252 872 2088 902 1000 1028
1118 728 620 813 537 497 276 857 2144 1389 750 2002
1119 959 963
1120 987 1842 1952
1121 1302 1493 221 2162 2056 338 2056 209 356 89 1834 1820 238 1371 1493
1122 1341
1123 1407 969 665 2191 924 2181 1977 968 2002 925 1209 798 1340 927 1200 1353 865 985 857 663 1393 1289
1124 1435 1132 367 634 1128 1130 1700 878 1977 895 1909 1553 2002 1129 857 2081
1125 979
1126 979
1127 950 1127 1248 487 1127 1015 1290 1161 1030 1031 1248 1460 1694
1128 1132 1130 1288 1073 795 866 2002 1375 996 1258 2080 1124 1288 748 861 2081
1129 378 1130 2081 1124 1132 1258 2002 864
1130 86 367 191 174 857 1129 2002 1128 2080 2081 1981 795 1124 1944
1131 853 664 1416 773
1132 1435 1977 996 1128 2002 1632 2064 371 1124 2081 486 2255 1129 1342 927
1133 364 134 898
1134 687 874
1135 2073 683 1099 304
1136 1136 1156 842 1136 1237 1157 119 2158 1153
1137 1138 876 937 952
1138 1137 1404 876
1139 1139 1139 1082
1140 1044 1045 645 961
1141 1312 492 514
1142 1025
1143 965
1144 1276 759
1145 1430 2252 513
1146 250 1946 1960 787
1147 1147 1437 1246 939 1103 871 911 767 833 1432 266 998 681 1147 1449 835
1148 1404 1411
1149 560 1215
1150 1242
1151 1420 389 1339 497 1151 1420 1151
1152 1364 591 115 1106 1853 1216 1334 531 1361 1873 1553
1153 565 1156 463 916 395 842 863 666 537 1136 119 863 1992 468 2158
1154 1244
1155 1846 989 995 2192
1156 537 2234 565 1157 21 1153 1136 1992 2092 666 2234
1157 1156 1136 842 1250 1992 1457
1158 684 689 874 687
1159 1165 2007 2008 561 2165 2040 2039 2072 2125 1897
1160 323 514 128 876 941 540 492 692
1161 1127
1162 2266 921 115
1163 930
1164 763 298 755
1165 476 1469 1159
1166 1322 734
1167 1233 134
1168 476 1477 260 626
1169 266 245
1170 2101 484 476 816 478 471 1315 201 19 1223 70 550 2032 745
1171 1378
1172 929 1378 1468
1173 481 1299 485
1174 1086
1175 1176 130 1175 1190 1175
1176 1175
1177 1458 1415
1178 565 1995 1466
1179 1043
1180 719 864 862 1355
1181 2276 879 1181 901 695 1181
1182 1270
1183 1183
1184 1247 616 84 854 1694 143 1098
1185 278 1362 1044 1088 1089 280 486 1189 943 918 1088 753 1280 1873 1202 1220 821
1186 1186
1187 1187
1188 816
1189 1185 1088 1189 1189
1190 1175
1191 1244 364
1192 476 802
1193 718
1194 642 957
1195 1244
1196 1053 1644
1197 1883 1883 1536 669 1635 2193 2272
1198 967
1199 744 1012 1870
1200 1216 1123 1345
1201 1201 115 921 1201
1202 1071 1089 1088 668 1185 796
1203 1282 1284 1300
1204 778 779
1205 1205 1205
1206 2113 830 614
1207 1324 1207 448 1324 1207
1208 700 1873 1041 1417
1209 1123 2179
1210 1305 1026 1537
1211 577 1324 448 577
1212 1212 1324 1212 448
1213 1370 1769 1909 2144 2205 1888 1111 2107 2048
1214 1370 568 1016 1218 1909
1215 1149 480 1264 358 59
1216 591 1200 728 1152 992
1217 863 916
1218 1554 568 1522 1214 2070 90 1016
1219 873
1220 1362 1088 667 753 1185 753
1221 476 250 682
1222 678 678
1223 70 1170 476
1224 793 1468
1225 352 568 1228 1227 949
1226 1315
1227 988 947 1225 1471 2184 949
1228 352 1225
1229 1083 799
1230 1388
1231 389
1232 1462 683 619
1233 134 1167 1090
1234 1234 454 1234 966 1018
1235 981 447
1236 967 1448
1237 1136 262 1250 916
1238 1243 480 700 1041
1239 711 1465
1240 54 1441 477 626 138 465 658 476 2101 478 745 1240 475 679 48 550 636 142 176 951 1441 658 408 477 2032 2031 1768 1315 1697 1240 39 564
1241 565
1242 804 1362 1089 1150 258
1243 1238 1417
1244 882 1288 1191 1195 1154 59 839
1245 1057 1245 858 1245 170
1246 1147 1246 968 1246
1247 616 854 1184 794
1248 1127 1127
1249 719 718
1250 1420 1157 842 1237 1457 1992
1251 1083 586 1251 1082 383 1279 1251
1252 742
1253 324 1053 1254
1254 1478 324 1253 1053
1255 677
1256 1079 989
1257 565 511 193 121
1258 1129 1128 1977
1259 921 1725 2148
1260 780 1307
1261 766 1344 811 812
1262 1264
1263 939 941 1276 1755 724
1264 1355 392 2214 480 548 992 1006 996 1041 1262 480 1873 1278 1446 1355 886 59 1296 914 358 1297 1027 1215 696
1265 972
1266 363 1341 846
1267 1307 1303
1268 150 710
1269 1269
1270 762 721 1373 1182
1271 879 1474
1272 513
1273 1083
1274 1036 2192
1275 942 975 1020 489 760
1276 1276 491 1309 1276 492 878 975 1831 2006 2026 895 2070 1144 2149 1263
1277 513 1109 879
1278 1264 1851 1070
1279 1251 383 586
1280 486 1089 1185
1281 1107 1282 1078 1300 1285
1282 1281 1107 1284 1203 1300 1285 1107 1078
1283 731 1283 212 786 1283 212 2163
1284 1300 1203 1282 1285 1078 1107
1285 1282 1107 1284 1281
1286 1474 561
1287 670 670
1288 1288 928 1128 839 800 1429 1980 1288 1070 1128 909 1244 1039 2002
1289 1548 665 729 533 1123
1290 1127 366
1291 706 1026 950
1292 1379
1293 1311
1294 988 810
1295 1556 1061 481 707 1461 1050 1299 738 739 1049 50 776 737 1009 1019 1301
1296 996 1264 59 1041
1297 480 1264
1298 743 1298 688 950 690 743 1298
1299 481 1299 485 1295 1301 1047 1299 1049 1173
1300 1284 1282 1281 1078 1203
1301 1299 485 1295
1302 1620 1121 356 817 765 1776 1839 2136 221 338 2164 1493 908 1044 2044 2080 701
1303 363 1267 129
1304 476 1112 745
1305 123 1777 1026 1210
1306 968 827 750
1307 662 280 486 1267 781 1260
1308 759 1574 816
1309 492 1312 530 1310 514 975 1366 2006 962 1080 1329 492 2149 1276 938 1411
1310 1312 492 1309 530
1311 173 1478 1422 2118 1293
1312 1329 1310 1309 530 1141
1313 1474
1314 1314 115 385 780 1314
1315 934 1170 1315 1240 476 478 875 1226 1315 714 550
1316 1316
1317 677
1318 1014 477
1319 1352 908 1633
1320 476 1320 54 1320
1321 191 364 1084 121
1322 64 1166 1091
1323 289 1371
1324 1212 1042 134 1207 1042 971 1207 1391 2080 1008 577 1211 1328
1325 232 770
1326 1327 1020
1327 70 1326 760
1328 1324 971
1329 1312 1309
1330 1441 545 584
1331 950
1332 1456 627 1451 2239 60 1385 715 1451 784 1532
1333 813
1334 528 531 1106 531 1402 1152 637
1335 678 302
1336 632 1430 513 580 758
1337 910 758
1338 1339 389 940 1339
1339 940 1339 1338 1338 1151 1339
1340 882 1123 367 1385
1341 1873 846 993 1122 896 1356 1476 1439 1633 1385 1632 849 2209 1377 367 1266 1752 741 1393 174 1725 1436
1342 1435 1132 533 1385 1393 927 976
1343 953 1367
1344 766 1261 1845 1421 829 534 650 1431
1345 2013 927 418 417 2220 1200 538 596 1393 928 1345 272 417 539 538 855 1345
1346 950 1104
1347 1069 363 1364 320
1348 364 1350 1348 552 1348
1349 848 741 993 1389
1350 582 1392 1348
1351 650 551
1352 1632 1633 908 1725 1319 1385 2255 1633 532 1632
1353 976 1740 1393 1826 1123
1354 679 626
1355 1853 463 565 1264 480 392 358 1264 750 1180
1356 1341 750
1357 930 933 1973
1358 766
1359 1359
1360 736 879 804 1454 29 32
1361 1097 1092 347 1482 1152
1362 1242 823 1088 1185 1220 932 753 1089
1363 950
1364 1364 1594 1417 709 1152 1106 1100 1984 1559 1517 1593 750 2253 1681 1364 129 1347
1365 294 267 1048
1366 952 1309 962
1367 1343 953 661
1368 1451 564
1369 349 1092 1578 347 797
1370 1407 2047 1214 969 1213 188
1371 289 817 1121 1323
1372 930 1777 933
1373 1270
1374 347 700 24 347 161 1092
1375 1128 719 882 1029 1029
1376 1027 1885 800
1377 1341
1378 84 1172 1171 967
1379 1292 1873
1380 1381 1386 974 645 1381
1381 1386 1380 645 1380
1382 684 1034 1403
1383 745 476
1384 367 924
1385 1340 1633 1332 1352 1342 367 1341 1007 217 1980 940 986 532 533 1853 579 389 392 842 1633 1632 1725 928 1752
1386 1472 1473 83 1381 645 1380
1387 988 991
1388 639 1388 698 1230 1004 255 498 1388
1389 1118 1349 1111
1390 1390
1391 1324
1392 1350
1393 1393 192 1548 74 2197 367 533 1342 928 579 798 1341 1123 217 413 1393 1873 1353 2209 583 1483 1345 1752 1452 976
1394 988 1394 1394 1909
1395 987 890
1396 1396 1396
1397 1012 964
1398 1970 2196 2192 2033 787 1970 1811
1399 406 1441
1400 63
1401 1022
1402 134 367 1334
1403 684 1382
1404 937 455 1138 2275 1148 507
1405 60 908
1406 477 1412 733 656 999
1407 2047 1407 2047 1593 594 1999 2035 2204 696 1681 2100 275 1059 1370 1407 271 1594 1123
1408 412 674
1409 1635 123 794
1410 2182 2203 1632 1766 1439
1411 962 241 242 1309 1148
1412 1033 1021 1406 126 1441 733
1413 889 1413 848 741 1413
1414 1418
1415 1177
1416 1131
1417 1106 1364 1243 1208
1418 915 1414
1419 1419 905 1419
1420 1151 389 93 671 1151 1250
1421 1443 1344 1422 161 869
1422 1920 1422 2211 1311 161 1922 790 1927 1694 797 1069 1422 1421 2118
1423 746
1424 607 948
1425 627
1426 1634 2011 513 2142
1427 1040
1428 854 1026
1429 1288
1430 250 589 1145 1336 682 762 758
1431 811 812 766 1344
1432 1147 939 1437
1433 1433
1434 936
1435 1124 1342 996 728 1132
1436 1341 1476
1437 1147 1432 939
1438 1438 1438
1439 993 1341 1410 267 1476
1440 2050 710
1441 1240 1412 1240 126 999 31 46 1033 656 550 951 1399 1330 735
1442 989 1033
1443 1421 1485
1444 989
1445 359
1446 1264 59 192
1447 3 57 1578 1487 421 1521 3 1033 57
1448 1236
1449 1147
1450 930 1688 1846 1603 1970 1906 1512 1510 1661
1451 627 2239 412 416 1456 1332 1368 1456 784 679 1332
1452 579 2191 367 1393
1453 2237 1023 675
1454 705 1360 32 29 705 29
1455 1455 1455 1008 486
1456 1451 627 1332 1451
1457 395 1992 1250 1157
1458 1177 675
1459 698 699
1460 1127
1461 50 1295 481
1462 485 1232 485
1463 862 389 480
1464 1464 36 1467 1601 1464 403 1705 1828 2123 97 117 353 36 752
1465 1239
1466 1482 1178
1467 1828 1696 117 36 1464
1468 1224 1172 793
1469 134 901 685 2072 2040 1815 24 1598 171 2039 1165 2178
1470 1846 1060 1915 1635 1694 1024 1998
1471 720 1227
1472 83 1473 645 1386
1473 1386 1472 645
1474 901 1313 1286 1271 561
1475 1068 777 1068
1476 1439 1341 267 1436 993
1477 476 626 1168
1478 1516 143 1254 926 1694 1311 1915
1479 854 926 1694
1480 751
1481 36 763
1482 1466 1053 1361
1483 827 841 1393
1484 1484 1484 1635
1485 1443 1067
1486 1104
1487 1575 476 626 423 1447 1521
1488 2075
1489 1861
1490 1743
1491 2225 1846
1492 1666
1493 356 1302 2162 1121 1121 338 1833 2056
1494 392
1495 1837
1496 2265
1497 2275
1498 1921
1499 1600 1598
1500 2055 513
1501 143 2202 632
1502 2038
1503 364 1608
1504 2268
1505 536 632 2200
1506 1511
1507 364 412
1508 384 208 473 534 1578 250 1509 1911 429
1509 474 2034 1508 20 208 1911
1510 1450 1970
1511 1506
1512 1516 1450 1603
1513 1951 1988 1988
1514 1534 1535 1852 1849 1535
1515 2207 1685 1617 831 831
1516 1478 1534 1798 1512 1852
1517 115 1364 2148
1518 1540 1759
1519 1730 619
1520 57 1578 476 3 406 1579 1715
1521 1447 57 476 3 1487 1579 1578 1715
1522 2243 1218 1554
1523 477 476 113 1969
1524 41 1986
1525 324 995 2192 1811 2263 2274 716 1635 1866 2012
1526 1526
1527 1873
1528 2113 304 2254
1529 1852 1849 1535 1852
1530 2086
1531 1973 476 20 1531 1635 1531
1532 1590 575 1332
1533 367 1762 491
1534 1849 1852 1514 1849 1852 1516
1535 1535 1852 1529 1849 1514 1849 1514 1535 2150 1852
1536 1197 1867 1635
1537 1210 1871 615
1538 1707 1708 1708 1724 1631
1539 485 1556 893 1539 1550 1539 1556
1540 1518 1759
1541 83 1637
1542 1543 1936
1543 1936 1542
1544 2171 1929
1545 1545
1546 1764 2181
1547 2036 364
1548 1289 1393 969 1999 729 663 665
1549 1553 2021 432
1550 485 1539 481 893 707 707 1556
1551 420 214 2249 1920 214 1553
1552 1654 2101 471 477
1553 480 432 1124 1152 2021 1670 1551 1752 797 589 1765 1549 1734 1752
1554 1522 1218 2176 188
1555 2170
1556 707 485 1295 1550 893 1539 1539 707
1557 2242
1558 234 2184 93 497 45 463 1558 2163 399 115 2084 1558 2176 2103
1559 86 1364 2253
1560 823 57 824 1683 102 1683
1561 582 2216
1562 254 1679 1792 1772
1563 478 1726 1722 1726
1564 2045
1565 2181
1566 1570 1811 1567
1567 1570 1973 1566 1570
1568 1568 2002 1568
1569 1719 1853
1570 1566 1567 1973 1567
1571 1810 326
1572 2013 418 607 1632 543 2013 2126
1573 1915 2263 818 1635 2274 246
1574 1846 1308 101 1574 995 1883 2274 1574 2263
1575 250 467 476 465 477 1487 475
1576 1071 1979
1577 2213
1578 476 654 564 250 465 412 297 1369 618 296 589 473 1578 315 477 1704 1520 1447 550 1579 1508 1693 1578 34 1521
1579 57 1578 1579 824 1520 1521 1579 1693
1580 1580 1580
1581 2099
1582 1836
1583 1635 2157
1584 432 432
1585 1595 1586 1801 2098 2228 1748 1586
1586 1595 1586 1585 2098 1801 1586 1585
1587 2045
1588 106 2145 1753 2258
1589 1589
1590 522 467 406 476 1011 1532 462
1591 2052 2239 2053 576 462
1592 1592
1593 1407 1364 2253 1681 1681
1594 1364 1594 1681 1407 1594
1595 1586 1801 1585
1596 1789
1597 1597 1597 1924
1598 1469 1499
1599 2045
1600 1600 1499 2035 1600
1601 1997 1464
1602 2113 304
1603 1450 1512 1060
1604 1710
1605 1643
1606 345 1617 2060
1607 2220
1608 649 1503
1609 2070 2069
1610 1610 1848 1610
1611 1612 1627 632
1612 632 1611 632 1627
1613 1627 1912
1614 436 93 2051
1615 473 618
1616 1741 1741
1617 170 349 49 963 1515 1606
1618 1809
1619 1632 86 1621 375
1620 2136 765 1820 1302
1621 1619 1621 86 1621
1622 21 620 537 119 1822 1853
1623 1071 1790 237
1624 280 1939
1625 1625
1626 1945
1627 1612 1611 1613
1628 2201
1629 2159 540
1630 1630
1631 1708 1945 1538
1632 1132 1385 378 533 86 1341 908 367 1352 579 217 1632 1352 1619 2126 2164 378 1633 1572 1632 1977 543 1410
1633 367 1385 1725 1341 1352 908 1632 1633 217 1352 1385 532 1319 2255 1633 2081 1725
1634 2241 1634 1832 2172 1426 2120 1771 2041 2104 2001 1634
1635 919 1583 820 118 175 1197 1036 101 2225 1668 1827 324 1484 1531 1883 2211 787 1409 1573 200 989 2033 716 1525 995 1846 2087 1060 790 246 727 1536 2012 727 246 1872 1775 1811 1470 919
1636 258 1652
1637 1541 353
1638 1847
1639 2111 1695
1640 103 2027
1641 1641
1642 2050 845 2054
1643 1605
1644 1644 1196 2029 1644 2029
1645 485 481
1646 60 1650 1796
1647 1742 1968 1968
1648 1872 1811
1649 1659 635
1650 63 2171 1650 560 1803 1796 1650 1646
1651 1651
1652 632 1652 1730 1636 485 16 1652
1653 635 32 635
1654 64 360 2082 1552
1655 513 2113 513 512
1656 331 891 91 524 1940 891
1657 1951 375
1658 727 1883 1846
1659 1649 635
1660 1660
1661 1450
1662 1062
1663 617 292 1706
1664 2128
1665 2171 591 367 479 2160
1666 1492
1667 1677
1668 1883 1635
1669 1947
1670 2021 432 1734 2024 1553
1671 1789
1672 1949 476 1850 465 34 477 1825 54 1854 1011 274 823 82 1884
1673 1859 1824
1674 2137 2230 623
1675 476 2143
1676 101 1913 150
1677 1677 1667 1677
1678 2137 1785
1679 1562 2122
1680 243 1680 1680 1863
1681 2253 86 1407 1364 1593 1594 1593
1682 1777 644
1683 1704 240 296 618 1683 102 1560 1683 1560
1684 1984 588
1685 1515 449
1686 1998 1750 1952 550
1687 2102
1688 1450
1689 2208
1690 2071 208
1691 364 476 2236 2034 2236 550 2264
1692 1882 2123 1828 1961
1693 57 1578 1579
1694 616 1479 1470 1478 1127 1869 222 1184 1422 2076
1695 1639 2106
1696 1467 1828 36
1697 465 2032 2091 312 53 1240 1768
1698 2012
1699 1760 1036
1700 1124 1977 59 2081 480 996
1701 2197
1702 2028
1703 1703
1704 102 1683 1780 196 1578
1705 1464
1706 1706 292 617 235 1797 1706 235 2151 1663
1707 1538 1899 1708 1782
1708 1708 1707 1538 1782 1708 1631 1538
1709 1709 1709
1710 1604
1711 364 1712 2127 1712
1712 1711 1711 2127
1713 565 1742
1714 1983
1715 1520 1521
1716 1882 1729 1828 1729
1717 1717
1718 2067
1719 1569 2219 1853
1720 1812 86
1721 1721 63 1721 2015
1722 473 1726 1563
1723 1779 1738 1968
1724 1538 292
1725 908 217 367 1385 1341 1633 1633 1259 1352 2255
1726 473 1722 1563 1563
1727 134
1728 134 2052 74
1729 1828 1882 1716 1716
1730 1730 1519 625 1730 364 1652
1731 1828 2267 2010
1732 400 476 534 2035
1733 2234
1734 1553 432 1670 2021
1735 1808 1809 1806 1808 1959 631 2240 630 1767
1736 1736
1737 367 2209
1738 1723 486 389 1968
1739 1947 725
1740 1353 245 1826
1741 1616 1616
1742 1995 844 1713 468 1647 1995 565
1743 347 1743 349 1097 345 1749 364 1490 1743
1744 2052
1745 1745
1746 228 1789 518
1747 1793
1748 1585
1749 1950 2036 1743
1750 1686 550
1751 537 2261 497
1752 1861 432 2166 546 367 1553 2024 1341 2021 532 1385 174 1393 1989 1553
1753 134 231 106 513 512 1588 2145 231
1754 389 2232
1755 1263 724 1757 1756
1756 1761 271 192 925 1755 724 746 1757 180 81
1757 1755 1761 1756
1758 2108
1759 1540 1518
1760 1699
1761 136 2252 1756 1757
1762 1762 1533 1762
1763 1887
1764 1546
1765 1553
1766 2197 2203 1410
1767 631 1735 630
1768 1697 2091 2032 1240
1769 1213 2198
1770 2198
1771 1634 2001 1832
1772 2124 1562 254
1773 1773
1774 1887 915
1775 1060 1846 1915 1635 1811
1776 1302 338 1840 209 2136
1777 1305 1682 933 1372 302 1064 604
1778 2138 1063 715 229 2138
1779 389 1723
1780 240 1704
1781 1837
1782 1708 1707
1783 389 1784 1829
1784 392 1783 389 480 480 59
1785 2137 1678
1786 161 2244
1787 1973
1788 2230 623
1789 2110 1671 1596 1746 515
1790 984 1623
1791 1791
1792 1562 254
1793 1747 1946
1794 310
1795 2182 2210
1796 1650 1803 1646
1797 424 1706 617 235 402 1797 399 292 234 483 234 1797 235
1798 1516 1804
1799 476 2063 2143 54
1800 1877
1801 1585 1595 1586
1802 2098
1803 63 1650 1796
1804 1798
1805 2050 1805 363 1909 1978 1878 1805
1806 2096 1808 1735
1807 2073
1808 1962 1735 1806 2222 1735
1809 1618 1735 1962
1810 326 1571
1811 1811 1525 1866 1566 1635 1398 2192 1913 1920 787 1775 1060 1915 1811 1872 1866 1648 2012
1812 2179 1720
1813 1823 1823
1814 367 368
1815 1469
1816 1883
1817 2124 2042 2042
1818 1818
1819 1852
1820 1121 1620
1821 2034
1822 1853 1622 842
1823 1813 1823 1823 1813
1824 1862 1859 1673
1825 1884 1672 1850 1949 1003 1011 1854 1002
1826 925 1740 1980 1353
1827 1635 1079
1828 1464 1882 97 1696 1729 1731 1467 1716 752 1961 1692
1829 1783 389
1830 245 2167
1831 1276 2069
1832 1634 2241 1771
1833 1493 2056
1834 1840 1121
1835 2182 632
1836 1582
1837 443 2133 5 1495 1781
1838 632 1998 957
1839 1302 221 817 2136 1840
1840 1776 1839 1834 238
1841 2044
1842 1895 1120
1843 115
1844 534
1845 1344 650
1846 1450 1996 1060 1913 1775 101 2192 1470 1155 1574 1872 995 1905 1658 1491 1635 847 1915 1906
1847 1847 2142 1638 1847
1848 1610
1849 1534 1535 1852 1534 2150 1852 1514 1529 1535
1850 102 473 476 477 465 2090 51 401 1011 1672 1854 1825 1003 274
1851 1278 2173 750
1852 1849 1534 1852 1516 1529 1535 1529 1514 1849 1534 1852 1819 1535
1853 1719 1622 497 286 1355 1569 2219 1152 1822 1385
1854 1949 1850 1672 1825
1855 2026
1856 1856
1857 1957
1858 1862 1859 1859 2000
1859 1862 1859 1858 1859 1858 1673 1824 2000
1860 1926 307
1861 1752 1489
1862 1862 1859 1824 1862 1858
1863 243 1680
1864 790 1920 324 820
1865 1865
1866 1811 1525 1811
1867 2272 1536
1868 1892
1869 1694 1102
1870 1199 744 2025 2025
1871 1537
1872 1915 1846 1811 1635 2012 1648 2012
1873 423 668 70 722 1341 1393 1264 1152 2122 1001 272 14 1088 476 134 1977 1208 465 480 993 1185 63 421 486 473 74 367 1379 67 1527
1874 1894 1893 107 1956
1875 2264
1876 1876
1877 1800
1878 1909 1805 1062 2144 1937
1879 464 568 487 2231
1880 1996 2263 2274
1881 1931 845
1882 1828 1716 1692 1729
1883 1197 1883 246 2166 2193 1635 1668 1197 1908 1883 1658 2095 1816 1574
1884 1672 1825
1885 2047 1376 217 272
1886 560 2019
1887 108 915 1774 1763
1888 1213 2243
1889 513 134 512
1890 115
1891 349
1892 534 1868
1893 645 1874
1894 1874 645
1895 1842 1925
1896 995 816 1923
1897 1159 561 2040 2072 2039 2121
1898 1898
1899 1707
1900 2241 2077
1901 1902 704
1902 2088 1901 74 583 2088 2191
1903 1992 2092
1904 1917 2270
1905 1846 1923
1906 1450 1846 1923
1907 1907
1908 1883 1923 1927
1909 446 2185 1213 2054 1805 1124 2051 1394 2050 1214 1878 2185
1910 2191
1911 208 20 1508 1509
1912 1613
1913 1846 1060 1915 1676 1923 2192 818 1811 1915
1914 513 2115
1915 1927 1573 1811 1060 1079 246 1915 1913 1478 1846 1872 1470 1913 1775 1915
1916 1916 2147 2057 1916
1917 1904 2270
1918 2131
1919 63 2045 293
1920 790 1551 513 967 1422 820 1864 1811
1921 1926 1926 2065 1498
1922 1079 335 175 1922 2211 1927 1922 1422
1923 1913 1908 1906 1896 1905
1924 1597
1925 1895
1926 936 1921 2065 1860 1921 2134
1927 1079 1922 1908 2211 1915 1422
1928 1933
1929 1544 2175
1930 123 1934
1931 2050 1881
1932 1933
1933 1933 1932 63 1092 1928 1933
1934 123 1930
1935 1958
1936 1542 1543
1937 1938 1878
1938 1077 1937 548
1939 927 1624
1940 1656
1941 2013 954
1942 1948
1943 2130
1944 1944 2221 1130 1944
1945 1626 1631
1946 342 1146 1793
1947 725 906 1739 1669
1948 1948 1948 1942
1949 54 250 813 260 476 626 1672 1011 1854 1825 274
1950 1749 364 2188
1951 1513 344 1657
1952 1686 574 342 1120
1953 271 2197 2179
1954 2068 137
1955 904 446 1062 2183
1956 1874
1957 1857
1958 93 1935
1959 2240 1735 631 630
1960 2211 1146
1961 1828 422 1692
1962 1809 191 2096 1808
1963 2124
1964 2113 304 2112 2112
1965 1967 1965 1965
1966 513 1966 632 1966
1967 437 1965 270
1968 1723 64 1647 1647 1738
1969 477 70 465 2097 406 416 478 2229 1523
1970 1450 2196 1398 2192 1398 1510
1971 2268
1972 933 1973
1973 1973 46 602 175 1531 1972 1973 1787 1567 1990 1357 1570 506 46
1974 2011 63
1975 2175 632
1976 2199
1977 1132 1123 1124 378 927 363 1632 2255 1700 2002 996 1258 1873 2064 861
1978 1805 568
1979 1979 984 471 668 1979 524 2049 1576
1980 224 1288 367 413 174 75 1073 1385 426 2173 2187 2002 1826 325
1981 367 174 1130 2064 2209 996 2002
1982 2276
1983 1714 2124
1984 1364 1100 337 1684
1985 1102
1986 1524 2259
1987 1987
1988 344 1513 193 1513
1989 1752 513
1990 1973
1991 2074 389 1995 468 469
1992 463 537 1157 395 1156 1250 1153 1457 1903
1993 2117
1994 2132
1995 565 1742 844 468 1178 1742 469 1991
1996 1846 118 1880
1997 1601
1998 1686 1838 1470
1999 729 1407 1548
2000 2247 1858 1859
2001 1634 1771 2172 2120 2077
2002 363 1132 1123 1128 1130 251 1977 367 1124 1980 1981 1129 375 857 364 1073 1040 1118 1288 996 2173 1568
2003 72
2004 363 2197 217
2005 492 906 2105 942
2006 491 492 1276 1309 2105 2026 490 942 492
2007 2008 772 561 2039 2121 2040 1159
2008 772 2007 561 2125 1159
2009 2241 2041
2010 422 403 2010 1731 2010
2011 513 1974 512 1426
2012 1635 787 1811 1525 1872 1698 1872
2013 2164 1572 418 180 1345 543 245 1572 539 1941 2126 538 596 2164
2014 580
2015 1721
2016 2079
2017 513 2254 2113
2018 293 2045
2019 64 63 32 1886
2020 2051 436 436 2153
2021 556 425 1549 1553 1734 1752 1670 432
2022 2051
2023 2245 2245
2024 432 1670 2166 1752
2025 2025 1870 2025 1870
2026 2006 1276 492 1855
2027 105 1640 108 103
2028 1702
2029 1644 1644
2030 2177
2031 1240
2032 426 1240 312 1170 416 2091 1697 1768
2033 1398 1635
2034 1691 1509 1821
2035 1407 2148 1600 412 1732 2250 147
2036 1749 1547
2037 2246
2038 364 1502
2039 1159 2007 1469 1897
2040 1159 1469 1897 2007 561
2041 2120 1634 2009
2042 2124 1817 1817
2043 1071 423
2044 1841 1302
2045 97 63 1564 293 1919 1599 2235 2018 1587
2046 2114 2113 304
2047 1407 2214 1885 2238 996 722 1407 729 744 1370 1001
2048 2184 1213
2049 2091 668 360 53 1979
2050 845 1805 2054 1440 1642 2107 1931 1909
2051 2022 271 436 2185 1909 2020 1614 2153
2052 1591 98 646 1744 715 189 1728
2053 2229 250 575 1591
2054 363 1642 2050 1909 2185
2055 1500
2056 1121 1493 1121 1833 89
2057 1916
2058 2230
2059 79
2060 1606
2061 2148
2062 2181
2063 1799 60 476 784
2064 1132 1981 1977 996
2065 1926 1921
2066 208 2071
2067 1718
2068 364 1954
2069 1609 2070 1831
2070 1276 2069 1609 1218
2071 1690 2066
2072 772 1113 1469 1159 561 1897 134 1113 2189
2073 1807 744 887 1135
2074 389 392 1991
2075 41 36 1488
2076 583 1694
2077 2120 2001 1900
2078 466
2079 2016
2080 1044 366 813 211 364 1324 1130 278 1128 908 645 1302 486 1045 736 900 899
2081 1132 378 1130 1124 1633 1128 1129 1700 340
2082 1654
2083 192
2084 2085 565 276 119 537 276 2122 1558
2085 539 2084
2086 1530
2087 1079 1635 2226
2088 74 1902 1117 1902
2089 476 2093
2090 464 2090 2155 1002 371 1011 2090 1850 473
2091 53 2049 1697 1768 2032
2092 537 1156 497 1903
2093 250 2089
2094 2094
2095 1883
2096 1962 1806
2097 476 477 1969 2101 550 465 138 547
2098 1586 1585 1802 2228
2099 842 1581
2100 2204 1407
2101 2097 2101 476 477 484 1552 1170 636 2101 421 550 3 1240
2102 2182 1687 2138 2182
2103 115 2103 367 45 1558 2103
2104 2104 1634 2104
2105 2006 2005 942 540
2106 1695
2107 2050 1213
2108 3 1758
2109 49 2268
2110 1789 515
2111 1639
2112 2113 1964 2114 304 1964 2114
2113 304 2114 1602 1964 1206 2112 304 894 730 1528 2119 1655 2046 2017
2114 2113 2112 2046 2112 894
2115 1914 513
2116 2116
2117 1993
2118 1422 1311
2119 513 2113 304
2120 2001 1634 2241 2041 2172 2077
2121 2007 316 1897
2122 2084 480 275 445 2206 1873 445 2206 1679
2123 1464 353 1692
2124 2124 1963 1772 1817 2124 1983 2042
2125 63 1159 2008
2126 1632 418 2013 2161 1572
2127 1711 1712
2128 1664
2129 2129
2130 1943
2131 1918
2132 1994
2133 1837 123
2134 1926
2135 2135
2136 1620 1302 1839 221 1776
2137 623 1785 1674 1678
2138 581 2102 412 934 364 928 1778 1778 229
2139 2168
2140 651 64
2141 2141
2142 1426 1847
2143 1799 626 467 476 477 715 2215 431 1675
2144 1213 1118 1878
2145 134 513 1588 1753
2146 579 2251
2147 1916
2148 136 115 2061 531 1259 2252 1517 2035
2149 2179 530 514 492 1309 1276 2169
2150 1849 1535
2151 292 235 1706
2152 2152
2153 436 2020 2051
2154 2154
2155 2090
2156 485
2157 1583
2158 395 1136 367 45 2158 537 192 2163 1153 2163 2158
2159 725 1629 906
2160 1665 579 367 750
2161 386 543 2126
2162 713 221 44 1045 1121 542 1493
2163 2163 2158 212 731 1283 119 2163 276 1558 2158
2164 1632 1302 418 607 2013 2013
2165 1159 561
2166 2166 1883 2024 2166 1752
2167 1830
2168 53 2139
2169 514 2149 492
2170 1555
2171 2171 1665 1544 1650 2171 560
2172 2001 1634 2120
2173 2002 1980 857 1851
2174 83 2256 83 645
2175 1975 1929
2176 115 1554 1558 45
2177 2030
2178 349 1469
2179 1812 86 2149 2181 750 985 1209 1953
2180 2218
2181 1123 2179 798 363 491 74 583 2062 2191 1066 1546 1565
2182 934 75 2102 465 2182 477 1410 1795 229 1835 2102 2182
2183 1955
2184 1558 2048 1227
2185 2051 2054 1909 1909
2186 83 645
2187 367 1980 533
2188 1950 349
2189 1113 2072
2190 2248 2257
2191 1123 607 1902 927 2181 798 1910 583 1452
2192 1525 787 1155 1036 1846 2196 989 1913 820 1274 1035 1037 1398 1811 1970 805
2193 1883 1197
2194 2194
2195 2195
2196 143 1398 1970 2192
2197 1766 1393 1701 2004 1953
2198 1770 1769
2199 1976
2200 1505
2201 22 2212 1628 612
2202 1501
2203 1766 1410
2204 1407 2100
2205 1077 1213 192
2206 1072 2122 389 2122
2207 1515 281
2208 1689
2209 1981 1393 367 1341 217 579 1737
2210 1795
2211 1960 1422 1635 2271 1922 1013 1927
2212 2201
2213 1577 2237
2214 2047 59 1264
2215 2215 2143 476 626 2215
2216 1561
2217 2217
2218 2180
2219 1853 1719
2220 1044 278 392 838 497 839 1045 542 2220 1345 1006 1607 2220
2221 2221 1944 2221
2222 2233 1808
2223 2223
2224 2224
2225 324 1635 1491
2226 2226 2087 2226
2227 2227
2228 2098 1585
2229 2053 2239 715 1969
2230 623 1788 1674 2058 210
2231 1879
2232 1754
2233 2222 202
2234 392 565 1156 21 1156 1733 286
2235 2045
2236 1691 550 1691
2237 2213 1453 675
2238 2047 750
2239 364 477 412 2229 715 584 1451 1591 550 715 1332
2240 1735 1959 630
2241 1832 1900 2009 1634 2120
2242 1557 449
2243 1522 1888
2244 602 1786 161
2245 2023 2023
2246 387 2037
2247 2000
2248 2190
2249 1551 420 214
2250 400 534 476 2035
2251 1030 2251 2146 2251
2252 136 2148 1145 1761
2253 1364 1681 1059 1559 750 1593
2254 513 2017 103 1528
2255 1977 1352 1132 1633 1725
2256 83 83 645 2174
2257 85 2190 134
2258 66 1588
2259 1986 41
2260 531
2261 1751
2262 85 772
2263 1880 1573 1525 1574
2264 1691 550 1875
2265 1496
2266 1162
2267 1731
2268 1504 2109 1971
2269 2269 565 2269 82
2270 1917 1904
2271 2211 744
2272 1197 1867
2273 175
2274 1574 1880 1525 1573
2275 876 952 1497 1404
2276 657 1181 1982