0 13 
0 219 
0 372 
2 406 
2 476 
2 465 
2 348 
3 2108 
3 421 
3 1447 
3 2101 
3 757 
3 1520 
3 1447 
3 168 
3 1521 
3 505 
3 550 
3 421 
3 398 
4 736 
4 280 
4 211 
4 427 
4 91 
4 64 
4 364 
4 145 
5 1837 
5 421 
6 212 
6 421 
7 219 
8 647 
8 262 
8 414 
8 389 
9 164 
9 357 
9 163 
10 525 
12 487 
12 415 
12 487 
13 219 
13 333 
13 219 
13 638 
13 0 
13 372 
13 204 
13 624 
13 195 
13 374 
13 379 
13 1088 
13 599 
13 27 
13 459 
13 228 
13 633 
14 275 
14 197 
14 214 
14 1873 
14 339 
14 130 
14 594 
14 68 
15 124 
16 634 
16 364 
16 632 
16 732 
16 103 
16 1652 
16 108 
17 63 
18 537 
18 286 
18 227 
18 620 
18 21 
18 227 
19 375 
19 1170 
19 478 
19 250 
20 162 
20 1531 
20 1911 
20 1509 
21 2234 
21 1156 
21 620 
21 93 
21 392 
21 1622 
21 392 
21 660 
21 18 
21 286 
21 992 
21 863 
22 2201 
22 634 
22 944 
24 1374 
24 1469 
25 326 
25 272 
26 962 
26 572 
26 194 
27 932 
27 211 
27 13 
28 572 
29 1454 
29 1360 
29 211 
29 1454 
30 471 
30 477 
30 476 
30 31 
31 1441 
31 476 
31 534 
31 579 
31 766 
31 30 
32 218 
32 1653 
32 632 
32 1360 
32 892 
32 1454 
32 2019 
33 474 
33 250 
33 208 
33 474 
34 484 
34 465 
34 473 
34 626 
34 1578 
34 70 
34 1672 
34 1011 
35 647 
35 647 
36 1467 
36 1464 
36 751 
36 752 
36 298 
36 1481 
36 451 
36 645 
36 1696 
36 80 
36 1464 
36 2075 
36 613 
36 97 
37 634 
37 485 
38 579 
38 75 
39 421 
39 423 
39 1240 
39 184 
40 74 
41 613 
41 1524 
41 2259 
41 2075 
42 490 
42 540 
43 128 
43 492 
43 490 
43 540 
44 2162 
44 542 
44 44 
44 44 
45 413 
45 192 
45 367 
45 2158 
45 1558 
45 2176 
45 119 
45 2103 
46 1441 
46 517 
46 602 
46 1973 
46 1973 
47 864 
47 660 
47 813 
48 1240 
48 465 
48 476 
48 260 
49 1617 
49 831 
49 2109 
50 481 
50 1295 
50 485 
50 50 
50 1461 
50 739 
50 481 
50 737 
50 50 
51 465 
51 473 
51 476 
51 213 
51 581 
51 1011 
51 473 
51 1850 
52 202 
53 360 
53 284 
53 796 
53 2168 
53 2091 
53 277 
53 1697 
53 2049 
54 250 
54 626 
54 1672 
54 479 
54 476 
54 1799 
54 550 
54 1240 
54 1949 
54 131 
54 478 
54 1320 
55 241 
55 492 
55 241 
56 617 
57 250 
57 651 
57 619 
57 240 
57 57 
57 824 
57 1447 
57 102 
57 1520 
57 1447 
57 1521 
57 1693 
57 1579 
57 1560 
57 57 
57 824 
59 392 
59 2214 
59 1041 
59 882 
59 1215 
59 358 
59 600 
59 1264 
59 996 
59 480 
59 1244 
59 1784 
59 996 
59 216 
59 839 
59 1700 
59 1446 
59 1296 
59 358 
60 63 
60 1405 
60 570 
60 2063 
60 554 
60 1646 
60 784 
60 1332 
61 632 
61 655 
61 655 
61 172 
63 2045 
63 164 
63 1803 
63 855 
63 1027 
63 1650 
63 293 
63 861 
63 508 
63 2019 
63 800 
63 523 
63 573 
63 2125 
63 213 
63 1721 
63 223 
63 60 
63 1919 
63 1933 
63 561 
63 264 
63 439 
63 17 
63 667 
63 1400 
63 1088 
63 132 
63 322 
63 1974 
63 1873 
63 736 
63 744 
64 2019 
64 211 
64 1654 
64 943 
64 111 
64 1322 
64 734 
64 4 
64 154 
64 293 
64 2140 
64 1968 
64 1088 
64 554 
64 587 
65 288 
66 179 
66 651 
66 134 
66 2258 
66 404 
67 1873 
68 14 
69 544 
70 34 
70 1170 
70 476 
70 1969 
70 1873 
70 259 
70 1223 
70 478 
70 1327 
70 462 
70 550 
70 348 
70 201 
71 250 
72 476 
72 400 
72 465 
72 250 
72 362 
72 2003 
73 623 
73 318 
73 210 
74 1728 
74 607 
74 968 
74 1393 
74 2088 
74 40 
74 1902 
74 327 
74 583 
74 2181 
74 1873 
75 212 
75 646 
75 98 
75 174 
75 2182 
75 575 
75 38 
75 715 
75 316 
75 1980 
75 189 
76 367 
77 573 
78 634 
78 632 
79 476 
79 115 
79 1062 
79 465 
79 2059 
80 107 
80 36 
81 1756 
81 413 
81 375 
82 517 
82 1672 
82 2269 
83 2256 
83 2174 
83 645 
83 83 
83 2256 
83 1472 
83 645 
83 1058 
83 2174 
83 1541 
83 1386 
83 83 
83 2186 
84 1378 
84 1184 
84 225 
85 928 
85 283 
85 2262 
85 2257 
86 86 
86 1559 
86 375 
86 86 
86 343 
86 1619 
86 1130 
86 1681 
86 1632 
86 1720 
86 1621 
86 2179 
87 476 
87 400 
87 250 
87 406 
87 109 
88 655 
88 634 
88 103 
89 1121 
89 209 
89 2056 
90 501 
90 1218 
91 211 
91 1089 
91 757 
91 4 
91 427 
91 211 
91 92 
91 1656 
92 91 
92 1089 
92 211 
92 427 
92 757 
92 258 
93 537 
93 660 
93 813 
93 395 
93 747 
93 453 
93 1558 
93 419 
93 286 
93 1420 
93 863 
93 565 
93 1095 
93 897 
93 1958 
93 1614 
93 21 
93 436 
93 537 
94 296 
95 482 
95 744 
96 634 
97 1828 
97 1464 
97 763 
97 117 
97 36 
97 2045 
98 579 
98 75 
98 2052 
99 400 
99 476 
100 367 
100 579 
100 192 
101 1846 
101 995 
101 1676 
101 995 
101 1635 
101 1574 
102 499 
102 1850 
102 619 
102 1683 
102 1560 
102 1704 
102 57 
103 1640 
103 634 
103 108 
103 103 
103 105 
103 655 
103 16 
103 2254 
103 632 
103 88 
103 108 
103 103 
103 2027 
103 105 
104 466 
105 632 
105 105 
105 103 
105 108 
105 2027 
105 103 
105 105 
106 334 
106 1753 
106 1588 
107 80 
107 1874 
108 103 
108 634 
108 632 
108 16 
108 103 
108 1887 
108 2027 
108 105 
109 250 
109 476 
109 87 
110 565 
110 395 
111 64 
112 512 
112 513 
112 334 
113 934 
113 1523 
113 434 
114 355 
114 548 
115 1314 
115 2103 
115 79 
115 2176 
115 136 
115 637 
115 1152 
115 1201 
115 1843 
115 1517 
115 2148 
115 1162 
115 1890 
115 1558 
115 921 
116 117 
116 635 
116 117 
116 353 
117 1467 
117 635 
117 116 
117 1464 
117 353 
117 635 
117 97 
117 116 
117 353 
118 1996 
118 1635 
119 192 
119 2163 
119 1136 
119 1622 
119 1153 
119 395 
119 537 
119 367 
119 45 
119 276 
119 2084 
120 995 
121 191 
121 1257 
121 332 
121 697 
121 193 
121 1115 
121 1321 
121 1084 
122 171 
122 153 
122 288 
122 308 
123 1409 
123 1305 
123 1934 
123 2133 
123 1030 
123 1026 
123 1930 
124 364 
124 634 
124 15 
126 1441 
126 550 
126 176 
126 396 
126 1412 
128 43 
128 1160 
128 490 
128 540 
129 305 
129 1303 
129 1364 
130 14 
130 1175 
131 634 
131 131 
131 250 
131 54 
131 131 
132 63 
133 199 
133 446 
133 267 
133 368 
134 1402 
134 1469 
134 870 
134 1753 
134 2145 
134 1889 
134 486 
134 606 
134 1727 
134 824 
134 855 
134 651 
134 2072 
134 154 
134 1133 
134 333 
134 1233 
134 1090 
134 898 
134 1873 
134 1728 
134 1167 
134 1324 
134 772 
134 627 
134 756 
134 316 
134 66 
134 2257 
134 179 
135 598 
135 157 
135 502 
135 370 
136 115 
136 136 
136 2252 
136 2148 
136 1761 
136 136 
137 645 
137 603 
137 1954 
137 645 
137 836 
137 961 
137 577 
138 250 
138 465 
138 658 
138 477 
138 476 
138 2097 
138 658 
138 1240 
138 550 
139 627 
139 445 
140 369 
141 941 
141 393 
142 465 
142 1240 
142 471 
142 467 
142 471 
143 1478 
143 2196 
143 410 
143 1501 
143 1184 
144 481 
144 177 
145 211 
145 4 
146 206 
146 367 
147 432 
147 430 
147 2035 
148 634 
149 323 
149 643 
150 367 
150 1268 
150 1676 
150 748 
152 512 
152 283 
152 513 
153 122 
153 296 
154 64 
154 555 
154 134 
154 651 
155 403 
155 422 
156 454 
156 390 
156 456 
157 135 
157 370 
157 369 
157 365 
158 277 
158 284 
158 331 
159 494 
159 250 
159 634 
159 477 
161 1374 
161 797 
161 1422 
161 1421 
161 335 
161 2244 
161 1786 
162 250 
162 335 
162 20 
163 357 
163 164 
163 9 
163 357 
164 163 
164 164 
164 357 
164 63 
164 9 
164 164 
165 566 
166 623 
166 167 
166 598 
167 598 
167 181 
167 166 
168 3 
168 636 
169 634 
170 1245 
170 1617 
171 296 
171 1469 
171 122 
171 364 
172 61 
172 634 
172 364 
172 655 
173 634 
173 581 
173 1311 
174 367 
174 75 
174 1341 
174 1073 
174 1981 
174 1130 
174 1752 
174 1980 
175 1973 
175 1635 
175 1922 
175 2273 
176 1240 
176 626 
176 465 
176 126 
176 541 
177 144 
177 481 
177 485 
178 622 
178 423 
178 421 
179 134 
179 486 
179 404 
179 66 
180 2013 
180 1756 
180 589 
180 413 
181 167 
181 623 
182 634 
182 578 
183 413 
184 421 
184 39 
184 465 
185 530 
186 540 
186 490 
187 579 
187 367 
188 501 
188 1370 
188 1554 
189 579 
189 2052 
189 75 
191 413 
191 375 
191 121 
191 1115 
191 697 
191 375 
191 251 
191 1321 
191 750 
191 1130 
191 1962 
192 119 
192 45 
192 1393 
192 2083 
192 1446 
192 276 
192 220 
192 1756 
192 2158 
192 100 
192 2205 
192 759 
193 1084 
193 121 
193 364 
193 1085 
193 332 
193 1257 
193 344 
193 1988 
193 888 
194 26 
194 242 
195 515 
195 13 
195 228 
196 499 
196 1704 
197 14 
197 634 
198 634 
199 367 
199 1074 
199 1073 
199 133 
200 282 
200 1635 
201 476 
201 1170 
201 465 
201 70 
202 2233 
202 52 
203 649 
204 844 
204 13 
205 637 
205 205 
205 476 
205 205 
206 146 
208 1064 
208 476 
208 933 
208 400 
208 766 
208 826 
208 250 
208 2066 
208 1508 
208 1911 
208 33 
208 474 
208 933 
208 1064 
208 826 
208 1509 
208 429 
208 1690 
209 1776 
209 1121 
209 338 
209 338 
209 89 
209 356 
210 2230 
210 73 
211 64 
211 91 
211 145 
211 91 
211 428 
211 4 
211 27 
211 258 
211 2080 
211 1088 
211 624 
211 493 
211 599 
211 92 
211 536 
211 427 
211 29 
212 1283 
212 731 
212 75 
212 786 
212 6 
212 487 
212 415 
212 2163 
212 1283 
213 51 
213 250 
213 63 
213 581 
213 550 
214 14 
214 1551 
214 2249 
214 1551 
216 652 
216 59 
216 480 
216 358 
217 367 
217 783 
217 1385 
217 1725 
217 375 
217 968 
217 2209 
217 827 
217 1632 
217 1393 
217 533 
217 2004 
217 1633 
217 1885 
218 560 
218 32 
219 13 
219 219 
219 865 
219 13 
219 219 
219 372 
219 638 
219 459 
219 228 
219 927 
219 7 
219 0 
220 491 
220 273 
220 192 
221 2162 
221 1302 
221 356 
221 1839 
221 1121 
221 2136 
222 1694 
222 226 
223 561 
223 63 
224 1980 
225 84 
226 222 
227 18 
227 395 
227 620 
227 286 
227 18 
228 518 
228 515 
228 219 
228 13 
228 1746 
228 518 
228 195 
229 934 
229 2182 
229 2138 
229 1778 
229 928 
229 715 
230 483 
230 424 
230 402 
230 292 
230 235 
231 1753 
231 1753 
232 770 
232 1325 
232 444 
232 770 
233 317 
234 1797 
234 483 
234 292 
234 399 
234 1558 
234 399 
234 1797 
235 292 
235 402 
235 1706 
235 1797 
235 230 
235 1797 
235 2151 
235 1706 
236 416 
236 250 
236 465 
237 1623 
237 277 
237 279 
238 399 
238 483 
238 292 
238 1121 
238 1840 
238 399 
239 725 
239 396 
240 634 
240 476 
240 1780 
240 1683 
240 57 
241 492 
241 241 
241 55 
241 906 
241 55 
241 241 
241 1411 
242 962 
242 194 
242 1411 
243 1863 
243 1680 
244 463 
244 537 
244 497 
245 2013 
245 1740 
245 245 
245 1169 
245 245 
245 1830 
246 1883 
246 1635 
246 1573 
246 1915 
246 1635 
248 645 
248 763 
249 485 
249 330 
250 250 
250 138 
250 2093 
250 250 
250 1575 
250 1949 
250 401 
250 213 
250 57 
250 87 
250 54 
250 1578 
250 477 
250 109 
250 637 
250 1146 
250 2053 
250 131 
250 467 
250 478 
250 33 
250 236 
250 476 
250 159 
250 1430 
250 682 
250 416 
250 465 
250 592 
250 412 
250 475 
250 400 
250 162 
250 494 
250 550 
250 1508 
250 208 
250 534 
250 19 
250 1221 
250 558 
250 473 
250 72 
250 71 
250 431 
251 585 
251 375 
251 191 
251 1040 
251 251 
251 750 
251 2002 
251 251 
252 1117 
252 377 
252 684 
253 465 
253 348 
254 633 
254 500 
254 1772 
254 1562 
254 1792 
255 1388 
256 369 
256 256 
256 256 
256 502 
256 365 
257 986 
257 363 
257 413 
258 211 
258 1636 
258 1242 
258 92 
258 258 
258 364 
258 258 
259 70 
259 348 
259 476 
259 465 
260 465 
260 48 
260 467 
260 813 
260 476 
260 1168 
260 1949 
261 623 
261 502 
262 8 
262 1237 
264 561 
264 634 
264 63 
264 561 
265 344 
265 465 
266 1169 
266 677 
266 1147 
266 452 
267 438 
267 267 
267 267 
267 1476 
267 1365 
267 896 
267 133 
267 1439 
267 1048 
268 634 
270 437 
270 354 
270 1967 
271 363 
271 1407 
271 832 
271 381 
271 1756 
271 1953 
271 985 
271 906 
271 579 
271 2051 
272 1885 
272 643 
272 363 
272 1045 
272 1062 
272 480 
272 1075 
272 1873 
272 25 
272 1345 
273 220 
274 477 
274 1672 
274 1002 
274 1949 
274 1850 
274 1011 
275 14 
275 813 
275 1407 
275 996 
275 2122 
275 864 
276 276 
276 2084 
276 1118 
276 2163 
276 119 
276 192 
276 276 
276 2084 
277 53 
277 277 
277 280 
277 284 
277 237 
277 277 
277 158 
277 279 
277 331 
278 801 
278 1044 
278 838 
278 2220 
278 1185 
278 1010 
278 2080 
279 280 
279 277 
279 237 
280 486 
280 1624 
280 4 
280 279 
280 1307 
280 277 
280 796 
280 1185 
281 2207 
281 634 
282 200 
283 152 
283 657 
283 85 
284 53 
284 331 
284 891 
284 277 
284 158 
285 477 
285 412 
285 476 
285 398 
286 1853 
286 93 
286 620 
286 392 
286 21 
286 537 
286 2234 
286 18 
286 227 
287 363 
288 308 
288 122 
288 65 
289 292 
289 289 
289 1371 
289 424 
289 1323 
289 289 
290 291 
291 290 
292 1724 
292 235 
292 2151 
292 617 
292 402 
292 424 
292 289 
292 234 
292 1797 
292 230 
292 1706 
292 238 
292 1663 
293 63 
293 523 
293 64 
293 2045 
293 293 
293 293 
293 1919 
293 2018 
294 1365 
294 1048 
295 634 
296 171 
296 297 
296 94 
296 654 
296 1683 
296 618 
296 364 
296 1578 
296 557 
296 153 
297 296 
297 1578 
297 618 
298 36 
298 763 
298 1164 
299 364 
299 634 
300 485 
302 678 
302 1335 
302 1777 
303 1058 
304 2113 
304 304 
304 1964 
304 304 
304 683 
304 2113 
304 894 
304 1528 
304 1135 
304 2112 
304 2046 
304 2119 
304 1602 
304 1116 
305 591 
305 129 
307 1860 
307 634 
308 122 
308 288 
309 310 
309 311 
309 496 
310 1794 
310 496 
310 309 
311 309 
311 311 
311 311 
311 496 
312 465 
312 312 
312 476 
312 416 
312 376 
312 1697 
312 312 
312 2032 
313 513 
313 634 
314 634 
315 473 
315 465 
315 1011 
315 550 
315 1578 
316 75 
316 134 
316 2121 
317 233 
318 73 
319 391 
319 465 
320 709 
320 1347 
321 596 
321 538 
322 523 
322 63 
323 1160 
323 492 
323 149 
323 643 
324 324 
324 1635 
324 1254 
324 787 
324 2225 
324 324 
324 820 
324 1525 
324 1253 
324 1864 
324 1060 
325 367 
325 579 
325 1980 
326 1040 
326 25 
326 1810 
326 1571 
327 74 
327 531 
328 478 
328 476 
329 513 
329 634 
330 249 
331 284 
331 158 
331 331 
331 486 
331 277 
331 1656 
331 331 
332 193 
332 1084 
332 375 
332 364 
332 121 
332 888 
333 13 
333 134 
334 106 
334 512 
334 112 
335 161 
335 162 
335 1922 
336 413 
337 1984 
337 634 
338 1776 
338 1121 
338 209 
338 1493 
338 1302 
338 356 
338 356 
338 209 
339 364 
339 1054 
339 14 
339 1055 
339 1054 
339 1055 
340 2081 
340 378 
340 532 
341 342 
341 574 
342 341 
342 1946 
342 1952 
342 342 
342 342 
343 86 
344 344 
344 193 
344 1951 
344 364 
344 1988 
344 344 
344 265 
344 888 
345 1097 
345 345 
345 440 
345 1606 
345 1097 
345 1743 
345 345 
347 1374 
347 797 
347 1361 
347 364 
347 1369 
347 1097 
347 1743 
347 1374 
347 640 
348 476 
348 70 
348 253 
348 2 
348 259 
349 1369 
349 2178 
349 1891 
349 1617 
349 1743 
349 440 
349 2188 
350 465 
350 581 
351 513 
351 512 
352 986 
352 376 
352 1228 
352 1225 
353 116 
353 2123 
353 1464 
353 117 
353 1637 
353 117 
354 270 
354 437 
355 627 
355 114 
355 1111 
355 1072 
356 1302 
356 1121 
356 338 
356 209 
356 1493 
356 338 
356 221 
357 164 
357 357 
357 163 
357 163 
357 357 
357 9 
358 1041 
358 480 
358 1355 
358 1215 
358 59 
358 740 
358 1264 
358 996 
358 59 
358 216 
359 1445 
360 360 
360 470 
360 360 
360 53 
360 2049 
360 1654 
360 470 
362 72 
362 476 
363 2054 
363 271 
363 2002 
363 889 
363 287 
363 2004 
363 1266 
363 2181 
363 709 
363 789 
363 257 
363 272 
363 1077 
363 548 
363 1977 
363 1303 
363 1347 
363 1805 
364 171 
364 296 
364 1730 
364 2068 
364 697 
364 567 
364 1133 
364 1084 
364 124 
364 772 
364 1348 
364 1711 
364 2239 
364 486 
364 1950 
364 591 
364 1085 
364 558 
364 1547 
364 299 
364 1191 
364 2080 
364 1507 
364 1503 
364 512 
364 493 
364 4 
364 347 
364 339 
364 2138 
364 804 
364 552 
364 1691 
364 344 
364 332 
364 1115 
364 16 
364 2038 
364 1321 
364 172 
364 2002 
364 193 
364 397 
364 1743 
364 258 
364 472 
364 797 
364 1076 
364 888 
364 589 
365 369 
365 256 
365 502 
365 370 
365 157 
366 2080 
366 1290 
367 217 
367 1341 
367 533 
367 579 
367 1981 
367 1085 
367 1633 
367 750 
367 1533 
367 2187 
367 857 
367 199 
367 579 
367 888 
367 325 
367 2103 
367 1385 
367 1073 
367 174 
367 461 
367 1737 
367 2158 
367 576 
367 1015 
367 76 
367 45 
367 1980 
367 2209 
367 187 
367 1814 
367 1393 
367 2002 
367 1752 
367 1124 
367 100 
367 2160 
367 1725 
367 447 
367 1384 
367 1402 
367 150 
367 1130 
367 1632 
367 119 
367 532 
367 1340 
367 977 
367 1665 
367 546 
367 1452 
367 146 
367 1873 
368 133 
368 1814 
369 140 
369 365 
369 256 
369 370 
369 157 
369 502 
370 369 
370 370 
370 365 
370 135 
370 370 
370 157 
371 1132 
371 501 
371 2090 
372 0 
372 13 
372 219 
372 638 
374 13 
375 86 
375 191 
375 217 
375 1657 
375 1619 
375 608 
375 511 
375 750 
375 191 
375 585 
375 19 
375 251 
375 518 
375 332 
375 2002 
375 81 
376 352 
376 312 
376 473 
377 252 
378 1632 
378 1129 
378 1632 
378 2081 
378 1977 
378 340 
379 13 
380 640 
381 271 
381 583 
382 467 
382 465 
383 1279 
383 1251 
384 1508 
385 1314 
385 477 
386 2161 
386 543 
386 804 
387 2246 
387 465 
388 441 
389 497 
389 463 
389 940 
389 862 
389 1783 
389 1151 
389 1338 
389 1463 
389 1231 
389 1779 
389 480 
389 1784 
389 2074 
389 1754 
389 1420 
389 1991 
389 1072 
389 8 
389 442 
389 1738 
389 1829 
389 1385 
389 2206 
389 740 
389 597 
390 454 
390 156 
390 456 
391 465 
391 319 
392 21 
392 463 
392 565 
392 1784 
392 59 
392 1264 
392 2220 
392 2074 
392 2234 
392 996 
392 863 
392 286 
392 1494 
392 1355 
392 1095 
392 480 
392 21 
392 1385 
393 141 
394 634 
394 632 
395 93 
395 395 
395 537 
395 2158 
395 1457 
395 395 
395 227 
395 1992 
395 119 
395 1153 
395 110 
396 239 
396 126 
397 364 
398 412 
398 285 
398 416 
398 3 
399 238 
399 483 
399 234 
399 399 
399 238 
399 483 
399 1797 
399 399 
399 1558 
399 402 
399 234 
400 476 
400 250 
400 87 
400 1732 
400 476 
400 2250 
400 208 
400 99 
400 401 
400 72 
400 477 
400 637 
401 250 
401 477 
401 476 
401 400 
401 465 
401 465 
401 473 
401 1850 
402 292 
402 424 
402 617 
402 399 
402 402 
402 235 
402 1797 
402 230 
402 424 
402 402 
402 617 
403 1464 
403 155 
403 755 
403 2010 
403 422 
404 179 
404 66 
405 413 
406 522 
406 550 
406 87 
406 1520 
406 875 
406 1399 
406 2 
406 1969 
406 478 
406 1590 
407 465 
407 545 
407 844 
407 477 
408 1240 
408 465 
409 591 
410 143 
411 913 
411 885 
411 509 
412 476 
412 632 
412 250 
412 477 
412 2138 
412 1578 
412 1451 
412 2239 
412 398 
412 715 
412 285 
412 1507 
412 1408 
412 2035 
413 413 
413 476 
413 641 
413 183 
413 45 
413 191 
413 750 
413 426 
413 479 
413 746 
413 180 
413 1980 
413 336 
413 413 
413 405 
413 81 
413 520 
413 257 
413 1393 
414 8 
415 12 
415 212 
415 464 
415 487 
415 487 
416 465 
416 477 
416 250 
416 421 
416 1011 
416 545 
416 236 
416 1451 
416 636 
416 550 
416 1969 
416 2032 
416 398 
416 312 
417 1345 
417 539 
417 538 
417 596 
417 1345 
418 596 
418 2126 
418 1345 
418 1572 
418 2164 
418 543 
418 601 
418 2013 
418 539 
419 93 
419 463 
419 497 
420 1551 
420 2249 
421 416 
421 626 
421 2101 
421 423 
421 421 
421 3 
421 39 
421 550 
421 3 
421 622 
421 184 
421 421 
421 1447 
421 423 
421 1873 
421 6 
421 178 
421 5 
422 1961 
422 403 
422 155 
422 2010 
423 1487 
423 476 
423 2043 
423 421 
423 997 
423 1873 
423 39 
423 421 
423 622 
423 178 
424 292 
424 289 
424 402 
424 1797 
424 230 
424 402 
425 556 
425 2021 
425 430 
426 413 
426 1980 
426 2032 
427 91 
427 92 
427 211 
427 4 
428 1088 
428 211 
429 474 
429 1508 
429 208 
430 425 
430 432 
430 147 
430 432 
431 634 
431 478 
431 476 
431 2143 
431 250 
432 1584 
432 430 
432 556 
432 2021 
432 1549 
432 1752 
432 147 
432 1734 
432 1553 
432 1584 
432 2024 
432 430 
432 1670 
433 595 
434 113 
435 442 
436 2051 
436 463 
436 436 
436 2020 
436 93 
436 1614 
436 2153 
436 436 
436 2020 
437 1967 
437 354 
437 270 
438 267 
438 562 
439 63 
439 513 
440 345 
440 349 
441 388 
442 480 
442 389 
442 435 
443 1837 
443 535 
444 232 
445 139 
445 2122 
445 1007 
445 982 
445 2122 
446 904 
446 1062 
446 903 
446 1909 
446 133 
446 1955 
447 367 
447 981 
447 1235 
448 1211 
448 1207 
448 577 
448 1212 
449 1685 
449 634 
449 2242 
450 571 
451 36 
451 659 
452 266 
453 93 
453 647 
453 565 
454 939 
454 156 
454 1018 
454 1234 
454 390 
454 1017 
454 456 
455 937 
455 1404 
455 507 
455 458 
456 939 
456 390 
456 454 
456 156 
457 457 
457 1012 
457 634 
457 457 
458 455 
459 219 
459 638 
459 13 
460 634 
461 367 
462 465 
462 70 
462 1591 
462 1590 
462 476 
463 497 
463 565 
463 537 
463 1992 
463 1355 
463 392 
463 436 
463 1153 
463 244 
463 497 
463 389 
463 1558 
463 419 
464 2090 
464 415 
464 487 
464 1879 
465 476 
465 477 
465 2097 
465 401 
465 250 
465 467 
465 1697 
465 51 
465 34 
465 478 
465 48 
465 541 
465 1969 
465 416 
465 138 
465 407 
465 636 
465 260 
465 253 
465 312 
465 142 
465 315 
465 319 
465 1578 
465 462 
465 584 
465 581 
465 1240 
465 1672 
465 547 
465 265 
465 201 
465 1575 
465 1850 
465 715 
465 564 
465 471 
465 2182 
465 2 
465 350 
465 401 
465 387 
465 473 
465 611 
465 484 
465 505 
465 72 
465 236 
465 79 
465 184 
465 1873 
465 176 
465 382 
465 522 
465 626 
465 408 
465 259 
465 391 
465 550 
466 2078 
466 104 
467 465 
467 250 
467 476 
467 1575 
467 2143 
467 142 
467 260 
467 1590 
467 382 
468 565 
468 1995 
468 1991 
468 516 
468 1742 
468 517 
468 1153 
468 517 
468 469 
469 517 
469 1991 
469 468 
469 1995 
470 360 
470 470 
470 360 
470 470 
471 1979 
471 142 
471 1170 
471 465 
471 30 
471 142 
471 1552 
471 715 
472 634 
472 632 
472 364 
473 476 
473 477 
473 51 
473 465 
473 2090 
473 250 
473 401 
473 1726 
473 315 
473 376 
473 1850 
473 51 
473 994 
473 550 
473 1508 
473 564 
473 1615 
473 1011 
473 34 
473 1578 
473 1722 
473 1003 
473 1873 
473 933 
474 208 
474 33 
474 33 
474 1509 
474 429 
475 476 
475 626 
475 250 
475 1575 
475 1003 
475 1240 
476 400 
476 250 
476 484 
476 87 
476 564 
476 1192 
476 1520 
476 656 
476 1578 
476 1168 
476 1672 
476 465 
476 2097 
476 79 
476 208 
476 201 
476 475 
476 766 
476 423 
476 1531 
476 1165 
476 412 
476 715 
476 2143 
476 109 
476 2063 
476 72 
476 400 
476 626 
476 1523 
476 1521 
476 1477 
476 473 
476 1021 
476 637 
476 99 
476 1575 
476 541 
476 31 
476 1487 
476 328 
476 1850 
476 1320 
476 2089 
476 1675 
476 362 
476 401 
476 431 
476 2 
476 1732 
476 1221 
476 1949 
476 2215 
476 2250 
476 30 
476 2101 
476 205 
476 348 
476 1691 
476 312 
476 1873 
476 240 
476 522 
476 1114 
476 1240 
476 467 
476 505 
476 51 
476 550 
476 1799 
476 138 
476 260 
476 829 
476 462 
476 714 
476 850 
476 259 
476 54 
476 70 
476 285 
476 1170 
476 1315 
476 48 
476 1223 
476 478 
476 1304 
476 745 
476 477 
476 413 
476 1590 
476 1383 
477 250 
477 1240 
477 400 
477 476 
477 592 
477 1969 
477 1240 
477 2097 
477 2239 
477 715 
477 1523 
477 274 
477 30 
477 465 
477 401 
477 725 
477 473 
477 385 
477 1406 
477 416 
477 2101 
477 1850 
477 285 
477 550 
477 138 
477 1552 
477 2143 
477 564 
477 1318 
477 412 
477 1672 
477 1575 
477 494 
477 621 
477 1578 
477 2182 
477 159 
477 407 
478 1315 
478 465 
478 70 
478 1170 
478 250 
478 479 
478 406 
478 54 
478 476 
478 1563 
478 328 
478 431 
478 19 
478 816 
478 1240 
478 1969 
478 550 
479 413 
479 715 
479 478 
479 54 
479 1665 
480 1784 
480 992 
480 719 
480 1264 
480 389 
480 392 
480 996 
480 992 
480 1215 
480 862 
480 358 
480 914 
480 1553 
480 2122 
480 1297 
480 216 
480 1075 
480 600 
480 840 
480 1264 
480 442 
480 1238 
480 59 
480 652 
480 1784 
480 1463 
480 1355 
480 1072 
480 1873 
480 1700 
480 272 
481 1295 
481 50 
481 485 
481 177 
481 50 
481 737 
481 739 
481 1299 
481 1550 
481 1049 
481 144 
481 893 
481 1173 
481 1645 
481 1050 
481 1009 
481 1047 
481 1461 
481 1061 
482 744 
482 634 
482 95 
483 399 
483 230 
483 234 
483 399 
483 238 
483 1797 
484 476 
484 626 
484 715 
484 465 
484 34 
484 550 
484 1170 
484 745 
484 2101 
485 619 
485 1462 
485 37 
485 1550 
485 852 
485 739 
485 1556 
485 1301 
485 1061 
485 300 
485 614 
485 730 
485 177 
485 1645 
485 1539 
485 1049 
485 249 
485 1462 
485 893 
485 1299 
485 2156 
485 1009 
485 481 
485 50 
485 1173 
485 509 
485 1652 
486 179 
486 280 
486 364 
486 134 
486 870 
486 1132 
486 1044 
486 1455 
486 486 
486 1280 
486 1738 
486 331 
486 542 
486 1307 
486 486 
486 1873 
486 2080 
486 1185 
487 212 
487 464 
487 487 
487 1879 
487 415 
487 12 
487 487 
487 938 
487 1127 
487 415 
487 12 
488 634 
488 589 
489 1023 
489 1275 
489 942 
489 1020 
489 778 
490 540 
490 2006 
490 128 
490 492 
490 942 
490 186 
490 42 
490 43 
491 693 
491 2006 
491 220 
491 1276 
491 2181 
491 1533 
492 1276 
492 1310 
492 323 
492 1141 
492 514 
492 2006 
492 1309 
492 1309 
492 241 
492 1022 
492 2005 
492 942 
492 2006 
492 1080 
492 2149 
492 43 
492 1160 
492 55 
492 540 
492 2169 
492 490 
492 2026 
493 536 
493 211 
493 364 
494 592 
494 250 
494 634 
494 477 
494 159 
494 592 
495 495 
495 495 
496 310 
496 311 
496 309 
497 537 
497 1751 
497 463 
497 565 
497 997 
497 463 
497 389 
497 2220 
497 866 
497 1558 
497 1151 
497 719 
497 2092 
497 244 
497 419 
497 1853 
497 1118 
498 1004 
498 938 
498 1388 
499 102 
499 196 
500 254 
501 568 
501 188 
501 371 
501 90 
502 365 
502 261 
502 256 
502 135 
502 369 
503 634 
504 634 
504 632 
504 881 
505 513 
505 3 
505 476 
505 465 
506 1973 
506 930 
507 563 
507 1404 
507 455 
508 63 
508 561 
509 569 
509 411 
509 485 
511 375 
511 1105 
511 1257 
511 884 
511 695 
512 351 
512 513 
512 2011 
512 1655 
512 364 
512 607 
512 152 
512 112 
512 1889 
512 573 
512 1753 
512 334 
513 1655 
513 513 
513 901 
513 607 
513 758 
513 505 
513 606 
513 1914 
513 2119 
513 512 
513 1889 
513 2017 
513 1989 
513 2011 
513 1500 
513 112 
513 1277 
513 1966 
513 329 
513 1920 
513 561 
513 1336 
513 1655 
513 1753 
513 152 
513 2254 
513 2115 
513 1272 
513 513 
513 1113 
513 313 
513 351 
513 1145 
513 2145 
513 932 
513 790 
513 1426 
513 1068 
513 439 
514 1141 
514 530 
514 906 
514 2169 
514 1160 
514 2149 
514 492 
514 1309 
515 2110 
515 1789 
515 195 
515 228 
515 518 
516 517 
516 468 
517 516 
517 468 
517 469 
517 82 
517 46 
517 468 
518 375 
518 228 
518 1746 
518 515 
518 228 
520 413 
521 634 
522 626 
522 476 
522 465 
522 1011 
522 1003 
522 1590 
522 406 
523 63 
523 322 
523 293 
524 984 
524 1979 
524 535 
524 891 
524 1656 
525 593 
525 10 
526 593 
527 580 
528 531 
528 1106 
528 886 
528 1334 
528 996 
528 1073 
529 634 
530 1312 
530 1310 
530 2149 
530 185 
530 1309 
530 514 
531 1097 
531 528 
531 2260 
531 531 
531 2148 
531 1334 
531 886 
531 531 
531 327 
531 1152 
531 1106 
531 1334 
532 1633 
532 1352 
532 367 
532 1385 
532 1752 
532 340 
532 576 
533 1342 
533 217 
533 579 
533 750 
533 1632 
533 2187 
533 1393 
533 1385 
533 367 
533 1289 
534 650 
534 1344 
534 250 
534 1844 
534 1892 
534 1508 
534 2250 
534 31 
534 1732 
534 650 
534 829 
534 550 
535 524 
535 443 
536 211 
536 1505 
536 493 
537 537 
537 93 
537 1156 
537 18 
537 497 
537 1622 
537 2092 
537 620 
537 537 
537 1751 
537 1992 
537 2158 
537 244 
537 395 
537 93 
537 286 
537 119 
537 1118 
537 463 
537 1153 
537 2084 
538 543 
538 2013 
538 1345 
538 539 
538 1345 
538 596 
538 321 
538 417 
539 2085 
539 1345 
539 2013 
539 579 
539 543 
539 418 
539 596 
539 417 
539 590 
539 538 
540 937 
540 492 
540 128 
540 186 
540 1629 
540 490 
540 1160 
540 42 
540 2105 
540 43 
541 465 
541 476 
541 176 
542 1044 
542 629 
542 1045 
542 486 
542 2162 
542 542 
542 629 
542 44 
542 2220 
542 542 
543 1572 
543 2161 
543 2013 
543 634 
543 418 
543 1632 
543 386 
543 538 
543 539 
544 69 
545 550 
545 844 
545 416 
545 1330 
545 407 
546 367 
546 1752 
547 465 
547 2097 
548 1077 
548 363 
548 1938 
548 750 
548 114 
548 1063 
548 1264 
549 634 
550 406 
550 829 
550 54 
550 1240 
550 421 
550 636 
550 745 
550 1750 
550 484 
550 757 
550 473 
550 715 
550 1441 
550 2097 
550 2101 
550 1578 
550 70 
550 626 
550 2264 
550 1686 
550 2236 
550 477 
550 2239 
550 3 
550 416 
550 1691 
550 1170 
550 138 
550 315 
550 250 
550 476 
550 213 
550 1315 
550 478 
550 465 
550 534 
550 545 
550 126 
550 656 
550 551 
551 1351 
551 551 
551 550 
551 551 
552 364 
552 1348 
554 60 
554 64 
554 1001 
555 154 
556 2021 
556 425 
556 432 
557 296 
557 823 
558 364 
558 250 
558 634 
559 632 
560 2171 
560 1886 
560 1149 
560 218 
560 1650 
561 1897 
561 2007 
561 1159 
561 264 
561 513 
561 63 
561 2008 
561 1474 
561 264 
561 223 
561 2165 
561 1113 
561 508 
561 2072 
561 1286 
561 2040 
562 438 
563 507 
564 476 
564 473 
564 465 
564 477 
564 1240 
564 1578 
564 1368 
565 93 
565 1742 
565 468 
565 1713 
565 1257 
565 1178 
565 842 
565 1153 
565 2084 
565 1355 
565 1156 
565 463 
565 2234 
565 1092 
565 497 
565 1995 
565 453 
565 2269 
565 392 
565 780 
565 1241 
565 110 
566 165 
567 567 
567 364 
567 567 
568 1879 
568 1218 
568 1225 
568 1214 
568 1978 
568 501 
569 509 
569 885 
569 852 
570 60 
571 450 
572 26 
572 28 
573 77 
573 63 
573 634 
573 512 
574 1952 
574 341 
574 602 
575 75 
575 575 
575 1532 
575 715 
575 2053 
575 575 
576 1591 
576 367 
576 579 
576 532 
577 577 
577 1324 
577 1211 
577 137 
577 577 
577 1211 
577 448 
578 634 
578 182 
579 533 
579 367 
579 271 
579 2146 
579 1452 
579 189 
579 187 
579 98 
579 2160 
579 583 
579 576 
579 38 
579 31 
579 539 
579 100 
579 1075 
579 646 
579 367 
579 1393 
579 1385 
579 2209 
579 325 
579 1632 
580 628 
580 632 
580 527 
580 2014 
580 1336 
581 51 
581 465 
581 173 
581 350 
581 2138 
581 708 
581 1052 
581 213 
582 813 
582 1350 
582 1561 
583 2181 
583 1902 
583 579 
583 2191 
583 74 
583 927 
583 1393 
583 583 
583 381 
583 583 
583 2076 
584 2239 
584 465 
584 1330 
585 375 
585 251 
586 1251 
586 1279 
587 64 
588 634 
588 1684 
589 634 
589 364 
589 180 
589 1578 
589 746 
589 1430 
589 488 
589 1553 
590 539 
591 364 
591 1216 
591 1152 
591 1106 
591 1665 
591 409 
591 305 
592 477 
592 250 
592 494 
592 494 
593 526 
593 525 
593 634 
594 1407 
594 14 
595 433 
596 418 
596 417 
596 539 
596 2013 
596 538 
596 321 
596 1345 
597 389 
598 167 
598 135 
598 166 
599 932 
599 13 
599 211 
600 718 
600 480 
600 59 
601 418 
602 602 
602 602 
602 2244 
602 869 
602 574 
602 1973 
602 46 
603 137 
604 1026 
604 1777 
604 1098 
604 706 
606 513 
606 134 
607 634 
607 607 
607 948 
607 2191 
607 607 
607 1572 
607 2164 
607 512 
607 1424 
607 513 
607 74 
607 928 
608 375 
611 465 
612 634 
612 2201 
613 36 
613 41 
614 485 
614 1206 
614 894 
615 854 
615 950 
615 1537 
616 854 
616 794 
616 1104 
616 1694 
616 1184 
616 1247 
617 292 
617 402 
617 1663 
617 1797 
617 56 
617 402 
617 1706 
618 296 
618 297 
618 1683 
618 1578 
618 654 
618 1615 
619 619 
619 102 
619 619 
619 683 
619 485 
619 57 
619 1232 
619 1519 
620 537 
620 1622 
620 18 
620 863 
620 1118 
620 286 
620 21 
620 227 
621 477 
622 421 
622 423 
622 178 
623 623 
623 261 
623 623 
623 166 
623 2230 
623 1788 
623 73 
623 181 
623 1674 
623 2137 
624 13 
624 211 
624 932 
625 634 
625 1730 
626 476 
626 465 
626 1011 
626 522 
626 2143 
626 484 
626 1240 
626 994 
626 475 
626 421 
626 54 
626 1021 
626 1168 
626 550 
626 1487 
626 176 
626 1003 
626 1354 
626 34 
626 1949 
626 2215 
626 1477 
627 134 
627 1451 
627 784 
627 139 
627 355 
627 1332 
627 1456 
627 1425 
628 634 
628 580 
629 542 
629 1044 
629 542 
630 2240 
630 631 
630 1735 
630 1959 
630 1767 
631 1735 
631 1767 
631 630 
631 1959 
632 1612 
632 632 
632 1611 
632 655 
632 105 
632 1612 
632 1505 
632 559 
632 1652 
632 632 
632 1336 
632 412 
632 1838 
632 61 
632 504 
632 78 
632 1975 
632 103 
632 472 
632 1835 
632 580 
632 394 
632 32 
632 1501 
632 1966 
632 16 
632 108 
632 809 
633 254 
633 13 
634 78 
634 549 
634 131 
634 625 
634 314 
634 628 
634 588 
634 103 
634 488 
634 503 
634 543 
634 529 
634 37 
634 607 
634 612 
634 472 
634 169 
634 431 
634 240 
634 329 
634 504 
634 268 
634 573 
634 593 
634 578 
634 521 
634 148 
634 299 
634 264 
634 281 
634 457 
634 16 
634 159 
634 197 
634 482 
634 449 
634 313 
634 124 
634 460 
634 96 
634 295 
634 1124 
634 22 
634 172 
634 173 
634 394 
634 655 
634 494 
634 108 
634 307 
634 88 
634 198 
634 182 
634 649 
634 589 
634 558 
634 337 
635 1649 
635 116 
635 117 
635 1653 
635 1659 
635 117 
635 1653 
636 1240 
636 465 
636 2101 
636 416 
636 550 
636 168 
637 250 
637 115 
637 476 
637 400 
637 1334 
637 205 
638 13 
638 219 
638 459 
638 372 
639 1388 
640 347 
640 380 
641 413 
641 750 
642 1194 
642 644 
643 323 
643 272 
643 149 
644 644 
644 644 
644 1682 
644 642 
645 1472 
645 1893 
645 1894 
645 83 
645 1381 
645 961 
645 1473 
645 36 
645 2174 
645 1140 
645 2256 
645 137 
645 2186 
645 1386 
645 763 
645 1380 
645 83 
645 137 
645 248 
645 2080 
646 75 
646 2052 
646 579 
647 35 
647 8 
647 453 
647 35 
649 1608 
649 634 
649 203 
650 1344 
650 534 
650 1110 
650 534 
650 1845 
650 1351 
650 653 
650 829 
651 134 
651 2140 
651 57 
651 824 
651 154 
651 66 
652 480 
652 216 
653 650 
654 296 
654 1086 
654 618 
654 1578 
655 632 
655 172 
655 61 
655 634 
655 88 
655 103 
655 61 
656 476 
656 1441 
656 550 
656 1406 
657 2276 
657 283 
658 138 
658 1240 
658 1240 
658 138 
659 451 
660 93 
660 21 
660 47 
661 953 
661 1367 
662 1307 
663 1123 
663 1548 
663 969 
664 773 
664 717 
664 1131 
665 1123 
665 729 
665 969 
665 1548 
665 1289 
666 842 
666 666 
666 1156 
666 671 
666 666 
666 1153 
667 1089 
667 63 
667 1088 
667 1088 
667 753 
667 1220 
668 1979 
668 1071 
668 1873 
668 2049 
668 1071 
668 796 
668 753 
668 1088 
668 1202 
669 1197 
669 1014 
670 1287 
670 670 
670 670 
670 1287 
671 666 
671 1420 
672 673 
673 672 
674 1408 
675 938 
675 2237 
675 1453 
675 1458 
676 950 
677 1317 
677 1255 
677 266 
678 1222 
678 678 
678 1222 
678 302 
678 1335 
678 678 
679 1240 
679 1451 
679 1354 
680 785 
680 831 
681 1147 
681 937 
682 1430 
682 250 
682 1221 
683 619 
683 304 
683 1232 
683 1135 
683 730 
683 1116 
684 1158 
684 775 
684 1382 
684 1000 
684 1028 
684 687 
684 1034 
684 1403 
684 689 
684 902 
684 252 
685 1469 
685 1088 
686 954 
686 766 
686 1056 
687 684 
687 1134 
687 689 
687 687 
687 1158 
687 874 
687 902 
687 687 
688 1298 
689 902 
689 1117 
689 944 
689 684 
689 874 
689 1158 
689 687 
690 1298 
690 743 
691 744 
691 1012 
692 1160 
692 941 
692 1020 
692 693 
692 694 
692 693 
693 491 
693 1020 
693 941 
693 1023 
693 692 
693 694 
693 692 
694 693 
694 692 
694 1023 
694 968 
694 1020 
695 1181 
695 511 
696 1407 
696 1264 
697 364 
697 191 
697 121 
697 1084 
698 1388 
698 1023 
698 1459 
698 1023 
699 1023 
699 1023 
699 1459 
700 1208 
700 1075 
700 1238 
700 1041 
700 1374 
701 769 
701 765 
701 1302 
702 809 
704 748 
704 1901 
705 1454 
705 881 
705 1454 
706 706 
706 1026 
706 604 
706 706 
706 1291 
707 1295 
707 1550 
707 1556 
707 893 
707 1556 
707 1550 
708 581 
708 1052 
708 968 
709 1364 
709 1069 
709 363 
709 320 
710 845 
710 1268 
710 1440 
711 1239 
712 1005 
713 2162 
713 1044 
714 1315 
714 476 
715 477 
715 476 
715 1778 
715 412 
715 465 
715 471 
715 1332 
715 2229 
715 75 
715 229 
715 2052 
715 575 
715 2239 
715 484 
715 550 
715 479 
715 2143 
715 2239 
716 995 
716 787 
716 1525 
716 820 
716 1635 
717 664 
718 813 
718 719 
718 1193 
718 600 
718 1249 
718 866 
718 719 
719 719 
719 497 
719 813 
719 718 
719 1180 
719 480 
719 1375 
719 1249 
719 719 
719 866 
719 1029 
719 718 
720 1471 
721 1270 
722 882 
722 2047 
722 722 
722 1873 
722 722 
723 989 
724 941 
724 1263 
724 1755 
724 1756 
725 2159 
725 1947 
725 477 
725 906 
725 832 
725 906 
725 1739 
725 239 
726 1007 
727 995 
727 1635 
727 787 
727 1658 
727 1635 
728 1040 
728 1216 
728 1435 
728 1118 
729 1548 
729 2047 
729 729 
729 1999 
729 665 
729 1289 
729 969 
729 729 
730 485 
730 683 
730 2113 
731 1283 
731 786 
731 2163 
731 212 
732 16 
733 1406 
733 1412 
734 64 
734 1166 
735 1441 
736 736 
736 63 
736 4 
736 1360 
736 736 
736 1088 
736 2080 
737 481 
737 50 
737 1295 
738 1295 
738 776 
739 485 
739 481 
739 50 
739 1295 
740 844 
740 862 
740 1072 
740 389 
740 358 
741 1349 
741 848 
741 1341 
741 1413 
742 860 
742 1252 
743 1298 
743 690 
743 1298 
744 1012 
744 1059 
744 2047 
744 63 
744 691 
744 482 
744 1199 
744 935 
744 2073 
744 95 
744 1870 
744 2271 
745 484 
745 1170 
745 1304 
745 476 
745 550 
745 1383 
745 850 
745 1240 
745 1114 
746 1756 
746 413 
746 589 
746 1423 
747 93 
748 1128 
748 150 
748 704 
749 1094 
750 251 
750 1040 
750 367 
750 375 
750 1356 
750 413 
750 533 
750 548 
750 1042 
750 2179 
750 2238 
750 2253 
750 1364 
750 2160 
750 191 
750 1355 
750 1118 
750 1851 
750 641 
750 827 
750 1306 
751 1480 
751 755 
751 36 
752 763 
752 36 
752 1828 
752 1464 
753 1220 
753 1185 
753 821 
753 667 
753 1362 
753 668 
753 1088 
753 823 
753 1089 
753 1220 
754 754 
754 754 
754 1058 
755 751 
755 403 
755 1164 
756 1044 
756 134 
757 91 
757 92 
757 550 
757 3 
758 513 
758 1337 
758 1336 
758 1430 
759 1144 
759 1308 
759 1015 
759 192 
760 1275 
760 1327 
761 766 
761 986 
761 811 
761 766 
761 811 
761 812 
761 825 
762 1270 
762 1430 
763 248 
763 752 
763 298 
763 1164 
763 97 
763 1481 
763 645 
765 1302 
765 765 
765 769 
765 1620 
765 765 
765 701 
766 476 
766 761 
766 1056 
766 1261 
766 208 
766 686 
766 1344 
766 826 
766 825 
766 933 
766 946 
766 1110 
766 761 
766 811 
766 1431 
766 31 
766 1358 
766 954 
766 812 
767 1147 
768 1045 
768 1044 
768 963 
768 964 
769 701 
769 765 
770 1325 
770 232 
770 232 
771 1093 
772 364 
772 134 
772 870 
772 2072 
772 2008 
772 2262 
772 2007 
773 664 
773 1131 
775 684 
775 944 
776 738 
776 1295 
777 1475 
777 1068 
778 489 
778 1038 
778 1204 
778 779 
779 778 
779 942 
779 1204 
779 1038 
780 1314 
780 565 
780 1108 
780 1260 
781 1307 
782 928 
783 217 
783 827 
784 627 
784 1451 
784 784 
784 1332 
784 60 
784 2063 
784 784 
785 1057 
785 1057 
785 680 
786 212 
786 1283 
786 731 
787 324 
787 2192 
787 847 
787 716 
787 2012 
787 727 
787 1635 
787 792 
787 1811 
787 1146 
787 1398 
789 363 
790 513 
790 1864 
790 1920 
790 820 
790 1422 
790 1635 
791 1046 
791 791 
791 791 
791 1046 
792 787 
793 1224 
793 1468 
794 616 
794 854 
794 1247 
794 1409 
795 1128 
795 1130 
796 1202 
796 1088 
796 53 
796 668 
796 280 
797 1369 
797 364 
797 990 
797 347 
797 161 
797 1553 
797 1422 
798 1123 
798 2181 
798 2191 
798 1393 
799 1083 
799 1229 
799 1082 
800 1288 
800 63 
800 1376 
801 1045 
801 1044 
801 278 
802 1192 
803 818 
804 364 
804 815 
804 386 
804 1242 
804 1360 
805 989 
805 1036 
805 2192 
806 813 
807 945 
808 1100 
809 632 
809 702 
810 1294 
811 761 
811 766 
811 812 
811 1431 
811 954 
811 1261 
811 761 
812 811 
812 761 
812 766 
812 946 
812 1431 
812 954 
812 1261 
813 93 
813 275 
813 2080 
813 718 
813 806 
813 1949 
813 260 
813 866 
813 719 
813 1333 
813 1118 
813 47 
813 582 
814 1086 
815 804 
816 1170 
816 1308 
816 478 
816 820 
816 1896 
816 1188 
817 1302 
817 1839 
817 1371 
818 1573 
818 1913 
818 954 
818 803 
819 834 
820 1920 
820 790 
820 1864 
820 324 
820 1635 
820 716 
820 2192 
820 816 
821 1088 
821 1071 
821 1185 
821 753 
823 1362 
823 557 
823 1672 
823 1560 
823 753 
824 1579 
824 134 
824 651 
824 57 
824 1560 
824 57 
825 766 
825 761 
825 954 
826 766 
826 208 
826 208 
827 750 
827 217 
827 1101 
827 1483 
827 968 
827 1306 
827 783 
828 877 
829 1344 
829 476 
829 534 
829 650 
829 550 
830 894 
830 1206 
831 1515 
831 49 
831 680 
831 1515 
832 725 
832 271 
832 906 
833 1147 
834 819 
835 1147 
836 853 
836 137 
837 1074 
838 1044 
838 1045 
838 2220 
838 278 
839 1288 
839 59 
839 1044 
839 1244 
839 2220 
840 996 
840 480 
841 1483 
842 565 
842 842 
842 1250 
842 2099 
842 666 
842 1157 
842 842 
842 1153 
842 1822 
842 1385 
842 1136 
844 1995 
844 740 
844 204 
844 545 
844 1742 
844 862 
844 407 
845 2050 
845 710 
845 1881 
845 1642 
846 1341 
846 849 
846 1266 
847 787 
847 1846 
847 901 
848 1349 
848 889 
848 849 
848 993 
848 1413 
848 741 
849 848 
849 846 
849 1341 
849 849 
849 849 
850 745 
850 476 
851 970 
852 485 
852 569 
852 913 
852 885 
853 1131 
853 836 
854 854 
854 794 
854 1428 
854 1104 
854 616 
854 615 
854 926 
854 1184 
854 1479 
854 1247 
854 854 
855 63 
855 134 
855 1345 
856 953 
856 956 
856 950 
856 956 
857 1130 
857 367 
857 1118 
857 1124 
857 1123 
857 996 
857 2173 
857 2002 
858 1245 
859 1083 
860 742 
860 860 
860 860 
860 912 
861 63 
861 882 
861 1977 
861 1128 
862 480 
862 389 
862 844 
862 1042 
862 1463 
862 740 
862 1180 
863 620 
863 916 
863 392 
863 1153 
863 93 
863 863 
863 21 
863 863 
863 1217 
863 1153 
864 275 
864 1129 
864 1180 
864 47 
865 219 
865 1123 
866 1128 
866 497 
866 719 
866 813 
866 718 
867 986 
868 989 
869 602 
869 1421 
870 134 
870 1005 
870 486 
870 772 
871 1147 
872 1117 
873 1219 
874 1158 
874 689 
874 687 
874 1134 
875 1315 
875 406 
876 2275 
876 1138 
876 1160 
876 1137 
877 828 
878 1124 
878 1276 
879 1105 
879 1181 
879 1271 
879 1277 
879 1360 
880 881 
881 880 
881 504 
881 892 
881 705 
882 1001 
882 722 
882 59 
882 1244 
882 1340 
882 1006 
882 861 
882 1375 
882 996 
883 1053 
884 888 
884 511 
884 1085 
885 411 
885 569 
885 852 
886 1106 
886 1264 
886 531 
886 528 
887 2073 
887 1019 
888 332 
888 367 
888 344 
888 1084 
888 1085 
888 193 
888 364 
888 884 
889 363 
889 1413 
889 1048 
889 848 
890 890 
890 950 
890 967 
890 890 
890 1395 
891 524 
891 284 
891 1656 
891 1656 
892 32 
892 881 
893 485 
893 481 
893 1550 
893 1539 
893 707 
893 1556 
894 830 
894 2113 
894 614 
894 304 
894 2114 
895 1124 
895 1276 
896 1341 
896 267 
896 993 
896 928 
897 986 
897 93 
898 1133 
898 134 
899 908 
899 900 
899 2080 
899 900 
900 2080 
900 908 
900 899 
900 899 
901 1181 
901 901 
901 1469 
901 1113 
901 901 
901 513 
901 847 
901 1474 
902 1117 
902 687 
902 944 
902 684 
902 689 
903 904 
903 1062 
903 446 
904 1062 
904 446 
904 1955 
904 903 
905 1419 
906 241 
906 2005 
906 514 
906 1947 
906 938 
906 2159 
906 725 
906 271 
906 906 
906 906 
906 725 
906 832 
908 1044 
908 908 
908 1302 
908 899 
908 1319 
908 1725 
908 1352 
908 1633 
908 1632 
908 900 
908 1405 
908 908 
908 2080 
909 1288 
910 1337 
911 1147 
912 860 
913 411 
913 852 
913 1089 
914 480 
914 1264 
915 1418 
915 1887 
915 1774 
916 863 
916 1237 
916 1153 
916 1217 
918 1185 
919 1104 
919 1635 
919 1635 
920 989 
921 986 
921 115 
921 1259 
921 1162 
921 1201 
922 1065 
922 1063 
923 923 
923 923 
923 1104 
924 1123 
924 1384 
925 1123 
925 1826 
925 1756 
926 1479 
926 854 
926 1478 
927 1123 
927 219 
927 1342 
927 1132 
927 1345 
927 583 
927 1939 
927 2191 
927 1977 
928 1385 
928 607 
928 85 
928 782 
928 1393 
928 1288 
928 2138 
928 229 
928 896 
928 1345 
929 967 
929 1172 
930 930 
930 1357 
930 1450 
930 1064 
930 930 
930 933 
930 1163 
930 1372 
930 506 
932 1362 
932 513 
932 27 
932 599 
932 624 
933 930 
933 766 
933 208 
933 1777 
933 473 
933 1972 
933 208 
933 1031 
933 1064 
933 1357 
933 1372 
934 2182 
934 113 
934 229 
934 1315 
934 2138 
935 744 
935 1012 
936 1926 
936 1434 
937 1137 
937 455 
937 1404 
937 540 
937 681 
938 487 
938 1309 
938 675 
938 906 
938 498 
939 1432 
939 1437 
939 1147 
939 1263 
939 998 
939 456 
939 454 
940 1339 
940 1385 
940 389 
940 1338 
941 141 
941 724 
941 693 
941 692 
941 1160 
941 1263 
942 492 
942 2005 
942 2006 
942 1020 
942 779 
942 2105 
942 489 
942 1275 
942 490 
943 64 
943 1185 
943 1089 
944 22 
944 1000 
944 1028 
944 689 
944 775 
944 902 
945 807 
946 1056 
946 812 
946 766 
947 1108 
947 1227 
948 1424 
948 607 
949 1227 
949 986 
949 949 
949 1225 
949 949 
950 1298 
950 950 
950 1127 
950 1346 
950 676 
950 890 
950 1331 
950 1291 
950 615 
950 1087 
950 950 
950 856 
950 1363 
950 956 
951 1240 
951 1441 
952 2275 
952 952 
952 1137 
952 1366 
952 952 
953 856 
953 661 
953 1343 
953 1367 
954 825 
954 811 
954 812 
954 766 
954 686 
954 1110 
954 1941 
954 818 
955 1044 
955 1045 
956 856 
956 950 
956 856 
957 1194 
957 957 
957 1838 
957 957 
959 1119 
961 1045 
961 1044 
961 137 
961 1140 
961 645 
962 242 
962 26 
962 1309 
962 1411 
962 1366 
963 1617 
963 768 
963 1119 
963 964 
964 768 
964 1397 
964 963 
965 1143 
966 1234 
967 1198 
967 1013 
967 929 
967 1378 
967 890 
967 1920 
967 1060 
967 1236 
968 1020 
968 1123 
968 74 
968 217 
968 1246 
968 827 
968 708 
968 1306 
968 694 
969 1123 
969 1548 
969 1370 
969 729 
969 665 
969 663 
970 851 
971 1324 
971 1328 
972 1265 
973 978 
974 1380 
975 1309 
975 1276 
975 1275 
976 1342 
976 1393 
976 1353 
977 367 
978 973 
979 1125 
979 1126 
981 1085 
981 447 
981 1235 
982 1007 
982 445 
983 983 
983 983 
984 984 
984 524 
984 1790 
984 1979 
984 984 
985 271 
985 2179 
985 1123 
986 949 
986 897 
986 1096 
986 257 
986 1385 
986 352 
986 867 
986 921 
986 761 
987 1395 
987 1120 
988 1294 
988 1227 
988 1394 
988 991 
988 1387 
989 1256 
989 1035 
989 1037 
989 805 
989 2192 
989 723 
989 1635 
989 1442 
989 868 
989 1155 
989 1444 
989 1036 
989 920 
990 797 
991 988 
991 1387 
992 480 
992 21 
992 1216 
992 480 
992 1264 
993 1341 
993 848 
993 1349 
993 1439 
993 1476 
993 896 
993 1873 
994 1003 
994 626 
994 473 
994 1011 
994 1011 
994 1003 
995 101 
995 995 
995 1846 
995 727 
995 716 
995 120 
995 1896 
995 995 
995 1635 
995 1574 
995 1525 
995 101 
995 1155 
996 480 
996 1042 
996 2002 
996 1132 
996 59 
996 1264 
996 857 
996 1435 
996 2047 
996 1128 
996 1006 
996 392 
996 275 
996 1981 
996 2064 
996 1977 
996 528 
996 882 
996 1700 
996 840 
996 1296 
996 59 
996 358 
997 423 
997 497 
997 1071 
997 1108 
998 939 
998 1147 
998 998 
998 998 
999 1441 
999 1406 
1000 944 
1000 684 
1000 1117 
1001 554 
1001 2047 
1001 1873 
1001 882 
1002 2090 
1002 1825 
1002 1003 
1002 274 
1002 1011 
1003 1825 
1003 1002 
1003 522 
1003 994 
1003 475 
1003 626 
1003 1850 
1003 473 
1003 994 
1003 1011 
1004 1388 
1004 498 
1005 870 
1005 1005 
1005 712 
1005 1005 
1006 1264 
1006 882 
1006 2220 
1006 996 
1007 982 
1007 726 
1007 1385 
1007 445 
1007 1095 
1008 1455 
1008 1324 
1009 481 
1009 485 
1009 1295 
1010 278 
1010 1044 
1011 626 
1011 315 
1011 274 
1011 1949 
1011 1850 
1011 522 
1011 1590 
1011 1825 
1011 416 
1011 1003 
1011 994 
1011 2090 
1011 1672 
1011 51 
1011 473 
1011 34 
1011 1002 
1011 994 
1012 457 
1012 744 
1012 691 
1012 1199 
1012 935 
1012 1397 
1013 967 
1013 2211 
1014 669 
1014 1318 
1015 1127 
1015 367 
1015 759 
1016 1214 
1016 1218 
1017 1023 
1017 454 
1018 454 
1018 1234 
1019 887 
1019 1295 
1019 1051 
1020 1275 
1020 489 
1020 942 
1020 968 
1020 693 
1020 692 
1020 1326 
1020 694 
1021 1412 
1021 476 
1021 626 
1022 492 
1022 1401 
1023 1023 
1023 699 
1023 698 
1023 1017 
1023 698 
1023 1023 
1023 489 
1023 694 
1023 699 
1023 693 
1023 1453 
1024 1470 
1024 1098 
1025 1142 
1026 123 
1026 604 
1026 706 
1026 1291 
1026 1210 
1026 1305 
1026 1428 
1026 1098 
1027 1376 
1027 63 
1027 1264 
1028 944 
1028 684 
1028 1117 
1029 719 
1029 1375 
1029 1375 
1030 1127 
1030 123 
1030 2251 
1031 933 
1031 1127 
1033 1412 
1033 1441 
1033 1447 
1033 1442 
1034 684 
1034 1382 
1035 2192 
1035 1036 
1035 989 
1036 1274 
1036 989 
1036 1037 
1036 1035 
1036 2192 
1036 1635 
1036 805 
1036 1699 
1037 2192 
1037 1036 
1037 989 
1038 778 
1038 779 
1039 1288 
1040 750 
1040 728 
1040 1427 
1040 326 
1040 251 
1040 2002 
1041 1264 
1041 1238 
1041 700 
1041 1208 
1041 358 
1041 59 
1041 1296 
1042 1324 
1042 996 
1042 750 
1042 1324 
1042 862 
1043 1179 
1044 1044 
1044 1302 
1044 1045 
1044 2220 
1044 955 
1044 2080 
1044 756 
1044 542 
1044 278 
1044 1044 
1044 713 
1044 908 
1044 1185 
1044 486 
1044 961 
1044 768 
1044 1045 
1044 839 
1044 1140 
1044 838 
1044 1010 
1044 629 
1044 801 
1045 1045 
1045 2162 
1045 1044 
1045 961 
1045 1045 
1045 542 
1045 955 
1045 768 
1045 2220 
1045 272 
1045 1044 
1045 801 
1045 1140 
1045 2080 
1045 838 
1046 791 
1046 791 
1047 1299 
1047 1049 
1047 481 
1048 889 
1048 267 
1048 294 
1048 1365 
1049 481 
1049 485 
1049 1299 
1049 1295 
1049 1047 
1050 1295 
1050 481 
1051 1019 
1052 708 
1052 581 
1053 1254 
1053 1253 
1053 883 
1053 1196 
1053 1482 
1054 339 
1054 1055 
1054 339 
1055 1054 
1055 339 
1055 339 
1056 766 
1056 1110 
1056 946 
1056 686 
1057 785 
1057 1245 
1057 785 
1058 83 
1058 303 
1058 754 
1059 2253 
1059 1407 
1059 744 
1060 967 
1060 324 
1060 1913 
1060 1775 
1060 1470 
1060 1915 
1060 1846 
1060 1635 
1060 1603 
1060 1811 
1061 485 
1061 1295 
1061 481 
1062 1062 
1062 1662 
1062 79 
1062 904 
1062 446 
1062 1062 
1062 1878 
1062 272 
1062 1955 
1062 903 
1063 1778 
1063 548 
1063 1111 
1063 1072 
1063 922 
1064 930 
1064 933 
1064 208 
1064 1777 
1064 208 
1065 922 
1066 2181 
1067 1485 
1068 1475 
1068 1068 
1068 513 
1068 1475 
1068 1068 
1068 777 
1069 1422 
1069 1100 
1069 709 
1069 1347 
1070 1288 
1070 1278 
1071 2043 
1071 668 
1071 1202 
1071 1623 
1071 1576 
1071 997 
1071 821 
1071 668 
1072 389 
1072 480 
1072 355 
1072 1111 
1072 740 
1072 2206 
1072 1063 
1073 1128 
1073 1980 
1073 367 
1073 174 
1073 528 
1073 199 
1073 2002 
1074 837 
1074 199 
1075 700 
1075 480 
1075 272 
1075 579 
1076 1104 
1076 1102 
1076 364 
1077 1077 
1077 363 
1077 1938 
1077 1077 
1077 2205 
1077 548 
1078 1281 
1078 1300 
1078 1282 
1078 1284 
1079 2087 
1079 1827 
1079 1256 
1079 1922 
1079 1927 
1079 1915 
1080 492 
1080 1309 
1082 1139 
1082 1251 
1082 1083 
1082 799 
1083 1083 
1083 1082 
1083 1251 
1083 799 
1083 1273 
1083 1229 
1083 1083 
1083 859 
1084 364 
1084 121 
1084 1085 
1084 332 
1084 888 
1084 1115 
1084 193 
1084 1321 
1084 697 
1085 367 
1085 193 
1085 364 
1085 1084 
1085 981 
1085 884 
1085 888 
1086 1097 
1086 654 
1086 814 
1086 1174 
1087 950 
1088 667 
1088 1089 
1088 211 
1088 1362 
1088 1185 
1088 13 
1088 64 
1088 63 
1088 736 
1088 668 
1088 428 
1088 796 
1088 685 
1088 821 
1088 1189 
1088 1185 
1088 1873 
1088 1220 
1088 1202 
1088 753 
1088 667 
1089 1242 
1089 1362 
1089 667 
1089 91 
1089 1088 
1089 943 
1089 1280 
1089 92 
1089 1185 
1089 1202 
1089 913 
1089 753 
1090 134 
1090 1233 
1091 1322 
1092 1369 
1092 1361 
1092 565 
1092 1374 
1092 1933 
1093 1093 
1093 1093 
1093 771 
1094 749 
1095 93 
1095 1007 
1095 392 
1096 986 
1097 1361 
1097 347 
1097 1086 
1097 345 
1097 531 
1097 1743 
1097 345 
1098 604 
1098 1024 
1098 1184 
1098 1026 
1099 1116 
1099 1135 
1100 1364 
1100 808 
1100 1069 
1100 1984 
1101 827 
1102 1869 
1102 1985 
1102 1076 
1103 1147 
1104 616 
1104 854 
1104 923 
1104 1104 
1104 919 
1104 1076 
1104 1104 
1104 1486 
1104 1346 
1105 879 
1105 1109 
1105 511 
1106 1364 
1106 591 
1106 1334 
1106 528 
1106 531 
1106 1417 
1106 886 
1106 1152 
1107 1281 
1107 1282 
1107 1284 
1107 1282 
1107 1285 
1108 997 
1108 780 
1108 947 
1109 1277 
1109 1105 
1110 650 
1110 1056 
1110 954 
1110 766 
1111 1072 
1111 355 
1111 1213 
1111 1063 
1111 1389 
1112 1304 
1113 561 
1113 901 
1113 513 
1113 2072 
1113 2072 
1113 2189 
1114 476 
1114 745 
1115 191 
1115 364 
1115 1084 
1115 121 
1116 1099 
1116 683 
1116 304 
1117 689 
1117 252 
1117 872 
1117 2088 
1117 902 
1117 1000 
1117 1028 
1118 728 
1118 620 
1118 813 
1118 537 
1118 497 
1118 276 
1118 857 
1118 2144 
1118 1389 
1118 750 
1118 2002 
1119 959 
1119 963 
1120 987 
1120 1842 
1120 1952 
1121 1302 
1121 1493 
1121 221 
1121 2162 
1121 2056 
1121 338 
1121 2056 
1121 209 
1121 356 
1121 89 
1121 1834 
1121 1820 
1121 238 
1121 1371 
1121 1493 
1122 1341 
1123 1407 
1123 969 
1123 665 
1123 2191 
1123 924 
1123 2181 
1123 1977 
1123 968 
1123 2002 
1123 925 
1123 1209 
1123 798 
1123 1340 
1123 927 
1123 1200 
1123 1353 
1123 865 
1123 985 
1123 857 
1123 663 
1123 1393 
1123 1289 
1124 1435 
1124 1132 
1124 367 
1124 634 
1124 1128 
1124 1130 
1124 1700 
1124 878 
1124 1977 
1124 895 
1124 1909 
1124 1553 
1124 2002 
1124 1129 
1124 857 
1124 2081 
1125 979 
1126 979 
1127 950 
1127 1127 
1127 1248 
1127 487 
1127 1127 
1127 1015 
1127 1290 
1127 1161 
1127 1030 
1127 1031 
1127 1248 
1127 1460 
1127 1694 
1128 1132 
1128 1130 
1128 1288 
1128 1073 
1128 795 
1128 866 
1128 2002 
1128 1375 
1128 996 
1128 1258 
1128 2080 
1128 1124 
1128 1288 
1128 748 
1128 861 
1128 2081 
1129 378 
1129 1130 
1129 2081 
1129 1124 
1129 1132 
1129 1258 
1129 2002 
1129 864 
1130 86 
1130 367 
1130 191 
1130 174 
1130 857 
1130 1129 
1130 2002 
1130 1128 
1130 2080 
1130 2081 
1130 1981 
1130 795 
1130 1124 
1130 1944 
1131 853 
1131 664 
1131 1416 
1131 773 
1132 1435 
1132 1977 
1132 996 
1132 1128 
1132 2002 
1132 1632 
1132 2064 
1132 371 
1132 1124 
1132 2081 
1132 486 
1132 2255 
1132 1129 
1132 1342 
1132 927 
1133 364 
1133 134 
1133 898 
1134 687 
1134 874 
1135 2073 
1135 683 
1135 1099 
1135 304 
1136 1136 
1136 1156 
1136 842 
1136 1136 
1136 1237 
1136 1157 
1136 119 
1136 2158 
1136 1153 
1137 1138 
1137 876 
1137 937 
1137 952 
1138 1137 
1138 1404 
1138 876 
1139 1139 
1139 1139 
1139 1082 
1140 1044 
1140 1045 
1140 645 
1140 961 
1141 1312 
1141 492 
1141 514 
1142 1025 
1143 965 
1144 1276 
1144 759 
1145 1430 
1145 2252 
1145 513 
1146 250 
1146 1946 
1146 1960 
1146 787 
1147 1147 
1147 1437 
1147 1246 
1147 939 
1147 1103 
1147 871 
1147 911 
1147 767 
1147 833 
1147 1432 
1147 266 
1147 998 
1147 681 
1147 1147 
1147 1449 
1147 835 
1148 1404 
1148 1411 
1149 560 
1149 1215 
1150 1242 
1151 1420 
1151 389 
1151 1339 
1151 497 
1151 1151 
1151 1420 
1151 1151 
1152 1364 
1152 591 
1152 115 
1152 1106 
1152 1853 
1152 1216 
1152 1334 
1152 531 
1152 1361 
1152 1873 
1152 1553 
1153 565 
1153 1156 
1153 463 
1153 916 
1153 395 
1153 842 
1153 863 
1153 666 
1153 537 
1153 1136 
1153 119 
1153 863 
1153 1992 
1153 468 
1153 2158 
1154 1244 
1155 1846 
1155 989 
1155 995 
1155 2192 
1156 537 
1156 2234 
1156 565 
1156 1157 
1156 21 
1156 1153 
1156 1136 
1156 1992 
1156 2092 
1156 666 
1156 2234 
1157 1156 
1157 1136 
1157 842 
1157 1250 
1157 1992 
1157 1457 
1158 684 
1158 689 
1158 874 
1158 687 
1159 1165 
1159 2007 
1159 2008 
1159 561 
1159 2165 
1159 2040 
1159 2039 
1159 2072 
1159 2125 
1159 1897 
1160 323 
1160 514 
1160 128 
1160 876 
1160 941 
1160 540 
1160 492 
1160 692 
1161 1127 
1162 2266 
1162 921 
1162 115 
1163 930 
1164 763 
1164 298 
1164 755 
1165 476 
1165 1469 
1165 1159 
1166 1322 
1166 734 
1167 1233 
1167 134 
1168 476 
1168 1477 
1168 260 
1168 626 
1169 266 
1169 245 
1170 2101 
1170 484 
1170 476 
1170 816 
1170 478 
1170 471 
1170 1315 
1170 201 
1170 19 
1170 1223 
1170 70 
1170 550 
1170 2032 
1170 745 
1171 1378 
1172 929 
1172 1378 
1172 1468 
1173 481 
1173 1299 
1173 485 
1174 1086 
1175 1176 
1175 130 
1175 1175 
1175 1190 
1175 1175 
1176 1175 
1177 1458 
1177 1415 
1178 565 
1178 1995 
1178 1466 
1179 1043 
1180 719 
1180 864 
1180 862 
1180 1355 
1181 2276 
1181 879 
1181 1181 
1181 901 
1181 695 
1181 1181 
1182 1270 
1184 1247 
1184 616 
1184 84 
1184 854 
1184 1694 
1184 143 
1184 1098 
1185 278 
1185 1362 
1185 1044 
1185 1088 
1185 1089 
1185 280 
1185 486 
1185 1189 
1185 943 
1185 918 
1185 1088 
1185 753 
1185 1280 
1185 1873 
1185 1202 
1185 1220 
1185 821 
1188 816 
1189 1185 
1189 1088 
1189 1189 
1189 1189 
1190 1175 
1191 1244 
1191 364 
1192 476 
1192 802 
1193 718 
1194 642 
1194 957 
1195 1244 
1196 1053 
1196 1644 
1197 1883 
1197 1883 
1197 1536 
1197 669 
1197 1635 
1197 2193 
1197 2272 
1198 967 
1199 744 
1199 1012 
1199 1870 
1200 1216 
1200 1123 
1200 1345 
1201 1201 
1201 115 
1201 921 
1201 1201 
1202 1071 
1202 1089 
1202 1088 
1202 668 
1202 1185 
1202 796 
1203 1282 
1203 1284 
1203 1300 
1204 778 
1204 779 
1205 1205 
1205 1205 
1206 2113 
1206 830 
1206 614 
1207 1324 
1207 1207 
1207 448 
1207 1324 
1207 1207 
1208 700 
1208 1873 
1208 1041 
1208 1417 
1209 1123 
1209 2179 
1210 1305 
1210 1026 
1210 1537 
1211 577 
1211 1324 
1211 448 
1211 577 
1212 1212 
1212 1324 
1212 1212 
1212 448 
1213 1370 
1213 1769 
1213 1909 
1213 2144 
1213 2205 
1213 1888 
1213 1111 
1213 2107 
1213 2048 
1214 1370 
1214 568 
1214 1016 
1214 1218 
1214 1909 
1215 1149 
1215 480 
1215 1264 
1215 358 
1215 59 
1216 591 
1216 1200 
1216 728 
1216 1152 
1216 992 
1217 863 
1217 916 
1218 1554 
1218 568 
1218 1522 
1218 1214 
1218 2070 
1218 90 
1218 1016 
1219 873 
1220 1362 
1220 1088 
1220 667 
1220 753 
1220 1185 
1220 753 
1221 476 
1221 250 
1221 682 
1222 678 
1222 678 
1223 70 
1223 1170 
1223 476 
1224 793 
1224 1468 
1225 352 
1225 568 
1225 1228 
1225 1227 
1225 949 
1226 1315 
1227 988 
1227 947 
1227 1225 
1227 1471 
1227 2184 
1227 949 
1228 352 
1228 1225 
1229 1083 
1229 799 
1230 1388 
1231 389 
1232 1462 
1232 683 
1232 619 
1233 134 
1233 1167 
1233 1090 
1234 1234 
1234 454 
1234 1234 
1234 966 
1234 1018 
1235 981 
1235 447 
1236 967 
1236 1448 
1237 1136 
1237 262 
1237 1250 
1237 916 
1238 1243 
1238 480 
1238 700 
1238 1041 
1239 711 
1239 1465 
1240 54 
1240 1441 
1240 477 
1240 626 
1240 138 
1240 465 
1240 658 
1240 476 
1240 2101 
1240 478 
1240 745 
1240 1240 
1240 475 
1240 679 
1240 48 
1240 550 
1240 636 
1240 142 
1240 176 
1240 951 
1240 1441 
1240 658 
1240 408 
1240 477 
1240 2032 
1240 2031 
1240 1768 
1240 1315 
1240 1697 
1240 1240 
1240 39 
1240 564 
1241 565 
1242 804 
1242 1362 
1242 1089 
1242 1150 
1242 258 
1243 1238 
1243 1417 
1244 882 
1244 1288 
1244 1191 
1244 1195 
1244 1154 
1244 59 
1244 839 
1245 1057 
1245 1245 
1245 858 
1245 1245 
1245 170 
1246 1147 
1246 1246 
1246 968 
1246 1246 
1247 616 
1247 854 
1247 1184 
1247 794 
1248 1127 
1248 1127 
1249 719 
1249 718 
1250 1420 
1250 1157 
1250 842 
1250 1237 
1250 1457 
1250 1992 
1251 1083 
1251 586 
1251 1251 
1251 1082 
1251 383 
1251 1279 
1251 1251 
1252 742 
1253 324 
1253 1053 
1253 1254 
1254 1478 
1254 324 
1254 1253 
1254 1053 
1255 677 
1256 1079 
1256 989 
1257 565 
1257 511 
1257 193 
1257 121 
1258 1129 
1258 1128 
1258 1977 
1259 921 
1259 1725 
1259 2148 
1260 780 
1260 1307 
1261 766 
1261 1344 
1261 811 
1261 812 
1262 1264 
1263 939 
1263 941 
1263 1276 
1263 1755 
1263 724 
1264 1355 
1264 392 
1264 2214 
1264 480 
1264 548 
1264 992 
1264 1006 
1264 996 
1264 1041 
1264 1262 
1264 480 
1264 1873 
1264 1278 
1264 1446 
1264 1355 
1264 886 
1264 59 
1264 1296 
1264 914 
1264 358 
1264 1297 
1264 1027 
1264 1215 
1264 696 
1265 972 
1266 363 
1266 1341 
1266 846 
1267 1307 
1267 1303 
1268 150 
1268 710 
1270 762 
1270 721 
1270 1373 
1270 1182 
1271 879 
1271 1474 
1272 513 
1273 1083 
1274 1036 
1274 2192 
1275 942 
1275 975 
1275 1020 
1275 489 
1275 760 
1276 1276 
1276 491 
1276 1309 
1276 1276 
1276 492 
1276 878 
1276 975 
1276 1831 
1276 2006 
1276 2026 
1276 895 
1276 2070 
1276 1144 
1276 2149 
1276 1263 
1277 513 
1277 1109 
1277 879 
1278 1264 
1278 1851 
1278 1070 
1279 1251 
1279 383 
1279 586 
1280 486 
1280 1089 
1280 1185 
1281 1107 
1281 1282 
1281 1078 
1281 1300 
1281 1285 
1282 1281 
1282 1107 
1282 1284 
1282 1203 
1282 1300 
1282 1285 
1282 1107 
1282 1078 
1283 731 
1283 1283 
1283 212 
1283 786 
1283 1283 
1283 212 
1283 2163 
1284 1300 
1284 1203 
1284 1282 
1284 1285 
1284 1078 
1284 1107 
1285 1282 
1285 1107 
1285 1284 
1285 1281 
1286 1474 
1286 561 
1287 670 
1287 670 
1288 1288 
1288 928 
1288 1128 
1288 839 
1288 800 
1288 1429 
1288 1980 
1288 1288 
1288 1070 
1288 1128 
1288 909 
1288 1244 
1288 1039 
1288 2002 
1289 1548 
1289 665 
1289 729 
1289 533 
1289 1123 
1290 1127 
1290 366 
1291 706 
1291 1026 
1291 950 
1292 1379 
1293 1311 
1294 988 
1294 810 
1295 1556 
1295 1061 
1295 481 
1295 707 
1295 1461 
1295 1050 
1295 1299 
1295 738 
1295 739 
1295 1049 
1295 50 
1295 776 
1295 737 
1295 1009 
1295 1019 
1295 1301 
1296 996 
1296 1264 
1296 59 
1296 1041 
1297 480 
1297 1264 
1298 743 
1298 1298 
1298 688 
1298 950 
1298 690 
1298 743 
1298 1298 
1299 481 
1299 1299 
1299 485 
1299 1295 
1299 1301 
1299 1047 
1299 1299 
1299 1049 
1299 1173 
1300 1284 
1300 1282 
1300 1281 
1300 1078 
1300 1203 
1301 1299 
1301 485 
1301 1295 
1302 1620 
1302 1121 
1302 356 
1302 817 
1302 765 
1302 1776 
1302 1839 
1302 2136 
1302 221 
1302 338 
1302 2164 
1302 1493 
1302 908 
1302 1044 
1302 2044 
1302 2080 
1302 701 
1303 363 
1303 1267 
1303 129 
1304 476 
1304 1112 
1304 745 
1305 123 
1305 1777 
1305 1026 
1305 1210 
1306 968 
1306 827 
1306 750 
1307 662 
1307 280 
1307 486 
1307 1267 
1307 781 
1307 1260 
1308 759 
1308 1574 
1308 816 
1309 492 
1309 1312 
1309 530 
1309 1310 
1309 514 
1309 975 
1309 1366 
1309 2006 
1309 962 
1309 1080 
1309 1329 
1309 492 
1309 2149 
1309 1276 
1309 938 
1309 1411 
1310 1312 
1310 492 
1310 1309 
1310 530 
1311 173 
1311 1478 
1311 1422 
1311 2118 
1311 1293 
1312 1329 
1312 1310 
1312 1309 
1312 530 
1312 1141 
1313 1474 
1314 1314 
1314 115 
1314 385 
1314 780 
1314 1314 
1315 934 
1315 1170 
1315 1315 
1315 1240 
1315 476 
1315 478 
1315 875 
1315 1226 
1315 1315 
1315 714 
1315 550 
1317 677 
1318 1014 
1318 477 
1319 1352 
1319 908 
1319 1633 
1320 476 
1320 1320 
1320 54 
1320 1320 
1321 191 
1321 364 
1321 1084 
1321 121 
1322 64 
1322 1166 
1322 1091 
1323 289 
1323 1371 
1324 1212 
1324 1042 
1324 134 
1324 1207 
1324 1042 
1324 971 
1324 1207 
1324 1391 
1324 2080 
1324 1008 
1324 577 
1324 1211 
1324 1328 
1325 232 
1325 770 
1326 1327 
1326 1020 
1327 70 
1327 1326 
1327 760 
1328 1324 
1328 971 
1329 1312 
1329 1309 
1330 1441 
1330 545 
1330 584 
1331 950 
1332 1456 
1332 627 
1332 1451 
1332 2239 
1332 60 
1332 1385 
1332 715 
1332 1451 
1332 784 
1332 1532 
1333 813 
1334 528 
1334 531 
1334 1106 
1334 531 
1334 1402 
1334 1152 
1334 637 
1335 678 
1335 302 
1336 632 
1336 1430 
1336 513 
1336 580 
1336 758 
1337 910 
1337 758 
1338 1339 
1338 389 
1338 940 
1338 1339 
1339 940 
1339 1339 
1339 1338 
1339 1338 
1339 1151 
1339 1339 
1340 882 
1340 1123 
1340 367 
1340 1385 
1341 1873 
1341 846 
1341 993 
1341 1122 
1341 896 
1341 1356 
1341 1476 
1341 1439 
1341 1633 
1341 1385 
1341 1632 
1341 849 
1341 2209 
1341 1377 
1341 367 
1341 1266 
1341 1752 
1341 741 
1341 1393 
1341 174 
1341 1725 
1341 1436 
1342 1435 
1342 1132 
1342 533 
1342 1385 
1342 1393 
1342 927 
1342 976 
1343 953 
1343 1367 
1344 766 
1344 1261 
1344 1845 
1344 1421 
1344 829 
1344 534 
1344 650 
1344 1431 
1345 2013 
1345 927 
1345 418 
1345 417 
1345 2220 
1345 1200 
1345 538 
1345 596 
1345 1393 
1345 928 
1345 1345 
1345 272 
1345 417 
1345 539 
1345 538 
1345 855 
1345 1345 
1346 950 
1346 1104 
1347 1069 
1347 363 
1347 1364 
1347 320 
1348 364 
1348 1350 
1348 1348 
1348 552 
1348 1348 
1349 848 
1349 741 
1349 993 
1349 1389 
1350 582 
1350 1392 
1350 1348 
1351 650 
1351 551 
1352 1632 
1352 1633 
1352 908 
1352 1725 
1352 1319 
1352 1385 
1352 2255 
1352 1633 
1352 532 
1352 1632 
1353 976 
1353 1740 
1353 1393 
1353 1826 
1353 1123 
1354 679 
1354 626 
1355 1853 
1355 463 
1355 565 
1355 1264 
1355 480 
1355 392 
1355 358 
1355 1264 
1355 750 
1355 1180 
1356 1341 
1356 750 
1357 930 
1357 933 
1357 1973 
1358 766 
1360 736 
1360 879 
1360 804 
1360 1454 
1360 29 
1360 32 
1361 1097 
1361 1092 
1361 347 
1361 1482 
1361 1152 
1362 1242 
1362 823 
1362 1088 
1362 1185 
1362 1220 
1362 932 
1362 753 
1362 1089 
1363 950 
1364 1364 
1364 1594 
1364 1417 
1364 709 
1364 1152 
1364 1106 
1364 1100 
1364 1984 
1364 1559 
1364 1517 
1364 1593 
1364 750 
1364 2253 
1364 1681 
1364 1364 
1364 129 
1364 1347 
1365 294 
1365 267 
1365 1048 
1366 952 
1366 1309 
1366 962 
1367 1343 
1367 953 
1367 661 
1368 1451 
1368 564 
1369 349 
1369 1092 
1369 1578 
1369 347 
1369 797 
1370 1407 
1370 2047 
1370 1214 
1370 969 
1370 1213 
1370 188 
1371 289 
1371 817 
1371 1121 
1371 1323 
1372 930 
1372 1777 
1372 933 
1373 1270 
1374 347 
1374 700 
1374 24 
1374 347 
1374 161 
1374 1092 
1375 1128 
1375 719 
1375 882 
1375 1029 
1375 1029 
1376 1027 
1376 1885 
1376 800 
1377 1341 
1378 84 
1378 1172 
1378 1171 
1378 967 
1379 1292 
1379 1873 
1380 1381 
1380 1386 
1380 974 
1380 645 
1380 1381 
1381 1386 
1381 1380 
1381 645 
1381 1380 
1382 684 
1382 1034 
1382 1403 
1383 745 
1383 476 
1384 367 
1384 924 
1385 1340 
1385 1633 
1385 1332 
1385 1352 
1385 1342 
1385 367 
1385 1341 
1385 1007 
1385 217 
1385 1980 
1385 940 
1385 986 
1385 532 
1385 533 
1385 1853 
1385 579 
1385 389 
1385 392 
1385 842 
1385 1633 
1385 1632 
1385 1725 
1385 928 
1385 1752 
1386 1472 
1386 1473 
1386 83 
1386 1381 
1386 645 
1386 1380 
1387 988 
1387 991 
1388 639 
1388 1388 
1388 698 
1388 1230 
1388 1004 
1388 255 
1388 498 
1388 1388 
1389 1118 
1389 1349 
1389 1111 
1391 1324 
1392 1350 
1393 1393 
1393 192 
1393 1548 
1393 74 
1393 2197 
1393 367 
1393 533 
1393 1342 
1393 928 
1393 579 
1393 798 
1393 1341 
1393 1123 
1393 217 
1393 413 
1393 1393 
1393 1873 
1393 1353 
1393 2209 
1393 583 
1393 1483 
1393 1345 
1393 1752 
1393 1452 
1393 976 
1394 988 
1394 1394 
1394 1394 
1394 1909 
1395 987 
1395 890 
1396 1396 
1396 1396 
1397 1012 
1397 964 
1398 1970 
1398 2196 
1398 2192 
1398 2033 
1398 787 
1398 1970 
1398 1811 
1399 406 
1399 1441 
1400 63 
1401 1022 
1402 134 
1402 367 
1402 1334 
1403 684 
1403 1382 
1404 937 
1404 455 
1404 1138 
1404 2275 
1404 1148 
1404 507 
1405 60 
1405 908 
1406 477 
1406 1412 
1406 733 
1406 656 
1406 999 
1407 2047 
1407 1407 
1407 2047 
1407 1593 
1407 594 
1407 1999 
1407 2035 
1407 2204 
1407 696 
1407 1681 
1407 2100 
1407 275 
1407 1059 
1407 1370 
1407 1407 
1407 271 
1407 1594 
1407 1123 
1408 412 
1408 674 
1409 1635 
1409 123 
1409 794 
1410 2182 
1410 2203 
1410 1632 
1410 1766 
1410 1439 
1411 962 
1411 241 
1411 242 
1411 1309 
1411 1148 
1412 1033 
1412 1021 
1412 1406 
1412 126 
1412 1441 
1412 733 
1413 889 
1413 1413 
1413 848 
1413 741 
1413 1413 
1414 1418 
1415 1177 
1416 1131 
1417 1106 
1417 1364 
1417 1243 
1417 1208 
1418 915 
1418 1414 
1419 1419 
1419 905 
1419 1419 
1420 1151 
1420 389 
1420 93 
1420 671 
1420 1151 
1420 1250 
1421 1443 
1421 1344 
1421 1422 
1421 161 
1421 869 
1422 1920 
1422 1422 
1422 2211 
1422 1311 
1422 161 
1422 1922 
1422 790 
1422 1927 
1422 1694 
1422 797 
1422 1069 
1422 1422 
1422 1421 
1422 2118 
1423 746 
1424 607 
1424 948 
1425 627 
1426 1634 
1426 2011 
1426 513 
1426 2142 
1427 1040 
1428 854 
1428 1026 
1429 1288 
1430 250 
1430 589 
1430 1145 
1430 1336 
1430 682 
1430 762 
1430 758 
1431 811 
1431 812 
1431 766 
1431 1344 
1432 1147 
1432 939 
1432 1437 
1434 936 
1435 1124 
1435 1342 
1435 996 
1435 728 
1435 1132 
1436 1341 
1436 1476 
1437 1147 
1437 1432 
1437 939 
1438 1438 
1438 1438 
1439 993 
1439 1341 
1439 1410 
1439 267 
1439 1476 
1440 2050 
1440 710 
1441 1240 
1441 1412 
1441 1240 
1441 126 
1441 999 
1441 31 
1441 46 
1441 1033 
1441 656 
1441 550 
1441 951 
1441 1399 
1441 1330 
1441 735 
1442 989 
1442 1033 
1443 1421 
1443 1485 
1444 989 
1445 359 
1446 1264 
1446 59 
1446 192 
1447 3 
1447 57 
1447 1578 
1447 1487 
1447 421 
1447 1521 
1447 3 
1447 1033 
1447 57 
1448 1236 
1449 1147 
1450 930 
1450 1688 
1450 1846 
1450 1603 
1450 1970 
1450 1906 
1450 1512 
1450 1510 
1450 1661 
1451 627 
1451 2239 
1451 412 
1451 416 
1451 1456 
1451 1332 
1451 1368 
1451 1456 
1451 784 
1451 679 
1451 1332 
1452 579 
1452 2191 
1452 367 
1452 1393 
1453 2237 
1453 1023 
1453 675 
1454 705 
1454 1360 
1454 32 
1454 29 
1454 705 
1454 29 
1455 1455 
1455 1455 
1455 1008 
1455 486 
1456 1451 
1456 627 
1456 1332 
1456 1451 
1457 395 
1457 1992 
1457 1250 
1457 1157 
1458 1177 
1458 675 
1459 698 
1459 699 
1460 1127 
1461 50 
1461 1295 
1461 481 
1462 485 
1462 1232 
1462 485 
1463 862 
1463 389 
1463 480 
1464 1464 
1464 36 
1464 1467 
1464 1601 
1464 1464 
1464 403 
1464 1705 
1464 1828 
1464 2123 
1464 97 
1464 117 
1464 353 
1464 36 
1464 752 
1465 1239 
1466 1482 
1466 1178 
1467 1828 
1467 1696 
1467 117 
1467 36 
1467 1464 
1468 1224 
1468 1172 
1468 793 
1469 134 
1469 901 
1469 685 
1469 2072 
1469 2040 
1469 1815 
1469 24 
1469 1598 
1469 171 
1469 2039 
1469 1165 
1469 2178 
1470 1846 
1470 1060 
1470 1915 
1470 1635 
1470 1694 
1470 1024 
1470 1998 
1471 720 
1471 1227 
1472 83 
1472 1473 
1472 645 
1472 1386 
1473 1386 
1473 1472 
1473 645 
1474 901 
1474 1313 
1474 1286 
1474 1271 
1474 561 
1475 1068 
1475 777 
1475 1068 
1476 1439 
1476 1341 
1476 267 
1476 1436 
1476 993 
1477 476 
1477 626 
1477 1168 
1478 1516 
1478 143 
1478 1254 
1478 926 
1478 1694 
1478 1311 
1478 1915 
1479 854 
1479 926 
1479 1694 
1480 751 
1481 36 
1481 763 
1482 1466 
1482 1053 
1482 1361 
1483 827 
1483 841 
1483 1393 
1484 1484 
1484 1484 
1484 1635 
1485 1443 
1485 1067 
1486 1104 
1487 1575 
1487 476 
1487 626 
1487 423 
1487 1447 
1487 1521 
1488 2075 
1489 1861 
1490 1743 
1491 2225 
1491 1846 
1492 1666 
1493 356 
1493 1302 
1493 2162 
1493 1121 
1493 1121 
1493 338 
1493 1833 
1493 2056 
1494 392 
1495 1837 
1496 2265 
1497 2275 
1498 1921 
1499 1600 
1499 1598 
1500 2055 
1500 513 
1501 143 
1501 2202 
1501 632 
1502 2038 
1503 364 
1503 1608 
1504 2268 
1505 536 
1505 632 
1505 2200 
1506 1511 
1507 364 
1507 412 
1508 384 
1508 208 
1508 473 
1508 534 
1508 1578 
1508 250 
1508 1509 
1508 1911 
1508 429 
1509 474 
1509 2034 
1509 1508 
1509 20 
1509 208 
1509 1911 
1510 1450 
1510 1970 
1511 1506 
1512 1516 
1512 1450 
1512 1603 
1513 1951 
1513 1988 
1513 1988 
1514 1534 
1514 1535 
1514 1852 
1514 1849 
1514 1535 
1515 2207 
1515 1685 
1515 1617 
1515 831 
1515 831 
1516 1478 
1516 1534 
1516 1798 
1516 1512 
1516 1852 
1517 115 
1517 1364 
1517 2148 
1518 1540 
1518 1759 
1519 1730 
1519 619 
1520 57 
1520 1578 
1520 476 
1520 3 
1520 406 
1520 1579 
1520 1715 
1521 1447 
1521 57 
1521 476 
1521 3 
1521 1487 
1521 1579 
1521 1578 
1521 1715 
1522 2243 
1522 1218 
1522 1554 
1523 477 
1523 476 
1523 113 
1523 1969 
1524 41 
1524 1986 
1525 324 
1525 995 
1525 2192 
1525 1811 
1525 2263 
1525 2274 
1525 716 
1525 1635 
1525 1866 
1525 2012 
1527 1873 
1528 2113 
1528 304 
1528 2254 
1529 1852 
1529 1849 
1529 1535 
1529 1852 
1530 2086 
1531 1973 
1531 476 
1531 20 
1531 1531 
1531 1635 
1531 1531 
1532 1590 
1532 575 
1532 1332 
1533 367 
1533 1762 
1533 491 
1534 1849 
1534 1852 
1534 1514 
1534 1849 
1534 1852 
1534 1516 
1535 1535 
1535 1852 
1535 1529 
1535 1849 
1535 1514 
1535 1849 
1535 1514 
1535 1535 
1535 2150 
1535 1852 
1536 1197 
1536 1867 
1536 1635 
1537 1210 
1537 1871 
1537 615 
1538 1707 
1538 1708 
1538 1708 
1538 1724 
1538 1631 
1539 485 
1539 1556 
1539 893 
1539 1539 
1539 1550 
1539 1539 
1539 1556 
1540 1518 
1540 1759 
1541 83 
1541 1637 
1542 1543 
1542 1936 
1543 1936 
1543 1542 
1544 2171 
1544 1929 
1546 1764 
1546 2181 
1547 2036 
1547 364 
1548 1289 
1548 1393 
1548 969 
1548 1999 
1548 729 
1548 663 
1548 665 
1549 1553 
1549 2021 
1549 432 
1550 485 
1550 1539 
1550 481 
1550 893 
1550 707 
1550 707 
1550 1556 
1551 420 
1551 214 
1551 2249 
1551 1920 
1551 214 
1551 1553 
1552 1654 
1552 2101 
1552 471 
1552 477 
1553 480 
1553 432 
1553 1124 
1553 1152 
1553 2021 
1553 1670 
1553 1551 
1553 1752 
1553 797 
1553 589 
1553 1765 
1553 1549 
1553 1734 
1553 1752 
1554 1522 
1554 1218 
1554 2176 
1554 188 
1555 2170 
1556 707 
1556 485 
1556 1295 
1556 1550 
1556 893 
1556 1539 
1556 1539 
1556 707 
1557 2242 
1558 234 
1558 2184 
1558 93 
1558 497 
1558 45 
1558 463 
1558 1558 
1558 2163 
1558 399 
1558 115 
1558 2084 
1558 1558 
1558 2176 
1558 2103 
1559 86 
1559 1364 
1559 2253 
1560 823 
1560 57 
1560 824 
1560 1683 
1560 102 
1560 1683 
1561 582 
1561 2216 
1562 254 
1562 1679 
1562 1792 
1562 1772 
1563 478 
1563 1726 
1563 1722 
1563 1726 
1564 2045 
1565 2181 
1566 1570 
1566 1811 
1566 1567 
1567 1570 
1567 1973 
1567 1566 
1567 1570 
1568 1568 
1568 2002 
1568 1568 
1569 1719 
1569 1853 
1570 1566 
1570 1567 
1570 1973 
1570 1567 
1571 1810 
1571 326 
1572 2013 
1572 418 
1572 607 
1572 1632 
1572 543 
1572 2013 
1572 2126 
1573 1915 
1573 2263 
1573 818 
1573 1635 
1573 2274 
1573 246 
1574 1846 
1574 1308 
1574 101 
1574 1574 
1574 995 
1574 1883 
1574 2274 
1574 1574 
1574 2263 
1575 250 
1575 467 
1575 476 
1575 465 
1575 477 
1575 1487 
1575 475 
1576 1071 
1576 1979 
1577 2213 
1578 476 
1578 654 
1578 564 
1578 250 
1578 465 
1578 412 
1578 297 
1578 1369 
1578 618 
1578 296 
1578 589 
1578 473 
1578 1578 
1578 315 
1578 477 
1578 1704 
1578 1520 
1578 1447 
1578 550 
1578 1579 
1578 1508 
1578 1693 
1578 1578 
1578 34 
1578 1521 
1579 57 
1579 1578 
1579 1579 
1579 824 
1579 1520 
1579 1521 
1579 1579 
1579 1693 
1580 1580 
1580 1580 
1581 2099 
1582 1836 
1583 1635 
1583 2157 
1584 432 
1584 432 
1585 1595 
1585 1586 
1585 1801 
1585 2098 
1585 2228 
1585 1748 
1585 1586 
1586 1595 
1586 1586 
1586 1585 
1586 2098 
1586 1801 
1586 1586 
1586 1585 
1587 2045 
1588 106 
1588 2145 
1588 1753 
1588 2258 
1590 522 
1590 467 
1590 406 
1590 476 
1590 1011 
1590 1532 
1590 462 
1591 2052 
1591 2239 
1591 2053 
1591 576 
1591 462 
1593 1407 
1593 1364 
1593 2253 
1593 1681 
1593 1681 
1594 1364 
1594 1594 
1594 1681 
1594 1407 
1594 1594 
1595 1586 
1595 1801 
1595 1585 
1596 1789 
1597 1597 
1597 1597 
1597 1924 
1598 1469 
1598 1499 
1599 2045 
1600 1600 
1600 1499 
1600 2035 
1600 1600 
1601 1997 
1601 1464 
1602 2113 
1602 304 
1603 1450 
1603 1512 
1603 1060 
1604 1710 
1605 1643 
1606 345 
1606 1617 
1606 2060 
1607 2220 
1608 649 
1608 1503 
1609 2070 
1609 2069 
1610 1610 
1610 1848 
1610 1610 
1611 1612 
1611 1627 
1611 632 
1612 632 
1612 1611 
1612 632 
1612 1627 
1613 1627 
1613 1912 
1614 436 
1614 93 
1614 2051 
1615 473 
1615 618 
1616 1741 
1616 1741 
1617 170 
1617 349 
1617 49 
1617 963 
1617 1515 
1617 1606 
1618 1809 
1619 1632 
1619 86 
1619 1621 
1619 375 
1620 2136 
1620 765 
1620 1820 
1620 1302 
1621 1619 
1621 1621 
1621 86 
1621 1621 
1622 21 
1622 620 
1622 537 
1622 119 
1622 1822 
1622 1853 
1623 1071 
1623 1790 
1623 237 
1624 280 
1624 1939 
1626 1945 
1627 1612 
1627 1611 
1627 1613 
1628 2201 
1629 2159 
1629 540 
1631 1708 
1631 1945 
1631 1538 
1632 1132 
1632 1385 
1632 378 
1632 533 
1632 86 
1632 1341 
1632 908 
1632 367 
1632 1352 
1632 579 
1632 217 
1632 1632 
1632 1352 
1632 1619 
1632 2126 
1632 2164 
1632 378 
1632 1633 
1632 1572 
1632 1632 
1632 1977 
1632 543 
1632 1410 
1633 367 
1633 1385 
1633 1725 
1633 1341 
1633 1352 
1633 908 
1633 1632 
1633 1633 
1633 217 
1633 1352 
1633 1385 
1633 532 
1633 1319 
1633 2255 
1633 1633 
1633 2081 
1633 1725 
1634 2241 
1634 1634 
1634 1832 
1634 2172 
1634 1426 
1634 2120 
1634 1771 
1634 2041 
1634 2104 
1634 2001 
1634 1634 
1635 919 
1635 1583 
1635 820 
1635 118 
1635 175 
1635 1197 
1635 1036 
1635 101 
1635 2225 
1635 1668 
1635 1827 
1635 324 
1635 1484 
1635 1531 
1635 1883 
1635 2211 
1635 787 
1635 1409 
1635 1573 
1635 200 
1635 989 
1635 2033 
1635 716 
1635 1525 
1635 995 
1635 1846 
1635 2087 
1635 1060 
1635 790 
1635 246 
1635 727 
1635 1536 
1635 2012 
1635 727 
1635 246 
1635 1872 
1635 1775 
1635 1811 
1635 1470 
1635 919 
1636 258 
1636 1652 
1637 1541 
1637 353 
1638 1847 
1639 2111 
1639 1695 
1640 103 
1640 2027 
1642 2050 
1642 845 
1642 2054 
1643 1605 
1644 1644 
1644 1196 
1644 2029 
1644 1644 
1644 2029 
1645 485 
1645 481 
1646 60 
1646 1650 
1646 1796 
1647 1742 
1647 1968 
1647 1968 
1648 1872 
1648 1811 
1649 1659 
1649 635 
1650 63 
1650 2171 
1650 1650 
1650 560 
1650 1803 
1650 1796 
1650 1650 
1650 1646 
1652 632 
1652 1652 
1652 1730 
1652 1636 
1652 485 
1652 16 
1652 1652 
1653 635 
1653 32 
1653 635 
1654 64 
1654 360 
1654 2082 
1654 1552 
1655 513 
1655 2113 
1655 513 
1655 512 
1656 331 
1656 891 
1656 91 
1656 524 
1656 1940 
1656 891 
1657 1951 
1657 375 
1658 727 
1658 1883 
1658 1846 
1659 1649 
1659 635 
1661 1450 
1662 1062 
1663 617 
1663 292 
1663 1706 
1664 2128 
1665 2171 
1665 591 
1665 367 
1665 479 
1665 2160 
1666 1492 
1667 1677 
1668 1883 
1668 1635 
1669 1947 
1670 2021 
1670 432 
1670 1734 
1670 2024 
1670 1553 
1671 1789 
1672 1949 
1672 476 
1672 1850 
1672 465 
1672 34 
1672 477 
1672 1825 
1672 54 
1672 1854 
1672 1011 
1672 274 
1672 823 
1672 82 
1672 1884 
1673 1859 
1673 1824 
1674 2137 
1674 2230 
1674 623 
1675 476 
1675 2143 
1676 101 
1676 1913 
1676 150 
1677 1677 
1677 1667 
1677 1677 
1678 2137 
1678 1785 
1679 1562 
1679 2122 
1680 243 
1680 1680 
1680 1680 
1680 1863 
1681 2253 
1681 86 
1681 1407 
1681 1364 
1681 1593 
1681 1594 
1681 1593 
1682 1777 
1682 644 
1683 1704 
1683 240 
1683 296 
1683 618 
1683 1683 
1683 102 
1683 1560 
1683 1683 
1683 1560 
1684 1984 
1684 588 
1685 1515 
1685 449 
1686 1998 
1686 1750 
1686 1952 
1686 550 
1687 2102 
1688 1450 
1689 2208 
1690 2071 
1690 208 
1691 364 
1691 476 
1691 2236 
1691 2034 
1691 2236 
1691 550 
1691 2264 
1692 1882 
1692 2123 
1692 1828 
1692 1961 
1693 57 
1693 1578 
1693 1579 
1694 616 
1694 1479 
1694 1470 
1694 1478 
1694 1127 
1694 1869 
1694 222 
1694 1184 
1694 1422 
1694 2076 
1695 1639 
1695 2106 
1696 1467 
1696 1828 
1696 36 
1697 465 
1697 2032 
1697 2091 
1697 312 
1697 53 
1697 1240 
1697 1768 
1698 2012 
1699 1760 
1699 1036 
1700 1124 
1700 1977 
1700 59 
1700 2081 
1700 480 
1700 996 
1701 2197 
1702 2028 
1704 102 
1704 1683 
1704 1780 
1704 196 
1704 1578 
1705 1464 
1706 1706 
1706 292 
1706 617 
1706 235 
1706 1797 
1706 1706 
1706 235 
1706 2151 
1706 1663 
1707 1538 
1707 1899 
1707 1708 
1707 1782 
1708 1708 
1708 1707 
1708 1538 
1708 1782 
1708 1708 
1708 1631 
1708 1538 
1709 1709 
1709 1709 
1710 1604 
1711 364 
1711 1712 
1711 2127 
1711 1712 
1712 1711 
1712 1711 
1712 2127 
1713 565 
1713 1742 
1714 1983 
1715 1520 
1715 1521 
1716 1882 
1716 1729 
1716 1828 
1716 1729 
1718 2067 
1719 1569 
1719 2219 
1719 1853 
1720 1812 
1720 86 
1721 1721 
1721 63 
1721 1721 
1721 2015 
1722 473 
1722 1726 
1722 1563 
1723 1779 
1723 1738 
1723 1968 
1724 1538 
1724 292 
1725 908 
1725 217 
1725 367 
1725 1385 
1725 1341 
1725 1633 
1725 1633 
1725 1259 
1725 1352 
1725 2255 
1726 473 
1726 1722 
1726 1563 
1726 1563 
1727 134 
1728 134 
1728 2052 
1728 74 
1729 1828 
1729 1882 
1729 1716 
1729 1716 
1730 1730 
1730 1519 
1730 625 
1730 1730 
1730 364 
1730 1652 
1731 1828 
1731 2267 
1731 2010 
1732 400 
1732 476 
1732 534 
1732 2035 
1733 2234 
1734 1553 
1734 432 
1734 1670 
1734 2021 
1735 1808 
1735 1809 
1735 1806 
1735 1808 
1735 1959 
1735 631 
1735 2240 
1735 630 
1735 1767 
1737 367 
1737 2209 
1738 1723 
1738 486 
1738 389 
1738 1968 
1739 1947 
1739 725 
1740 1353 
1740 245 
1740 1826 
1741 1616 
1741 1616 
1742 1995 
1742 844 
1742 1713 
1742 468 
1742 1647 
1742 1995 
1742 565 
1743 347 
1743 1743 
1743 349 
1743 1097 
1743 345 
1743 1749 
1743 364 
1743 1490 
1743 1743 
1744 2052 
1746 228 
1746 1789 
1746 518 
1747 1793 
1748 1585 
1749 1950 
1749 2036 
1749 1743 
1750 1686 
1750 550 
1751 537 
1751 2261 
1751 497 
1752 1861 
1752 432 
1752 2166 
1752 546 
1752 367 
1752 1553 
1752 2024 
1752 1341 
1752 2021 
1752 532 
1752 1385 
1752 174 
1752 1393 
1752 1989 
1752 1553 
1753 134 
1753 231 
1753 106 
1753 513 
1753 512 
1753 1588 
1753 2145 
1753 231 
1754 389 
1754 2232 
1755 1263 
1755 724 
1755 1757 
1755 1756 
1756 1761 
1756 271 
1756 192 
1756 925 
1756 1755 
1756 724 
1756 746 
1756 1757 
1756 180 
1756 81 
1757 1755 
1757 1761 
1757 1756 
1758 2108 
1759 1540 
1759 1518 
1760 1699 
1761 136 
1761 2252 
1761 1756 
1761 1757 
1762 1762 
1762 1533 
1762 1762 
1763 1887 
1764 1546 
1765 1553 
1766 2197 
1766 2203 
1766 1410 
1767 631 
1767 1735 
1767 630 
1768 1697 
1768 2091 
1768 2032 
1768 1240 
1769 1213 
1769 2198 
1770 2198 
1771 1634 
1771 2001 
1771 1832 
1772 2124 
1772 1562 
1772 254 
1774 1887 
1774 915 
1775 1060 
1775 1846 
1775 1915 
1775 1635 
1775 1811 
1776 1302 
1776 338 
1776 1840 
1776 209 
1776 2136 
1777 1305 
1777 1682 
1777 933 
1777 1372 
1777 302 
1777 1064 
1777 604 
1778 2138 
1778 1063 
1778 715 
1778 229 
1778 2138 
1779 389 
1779 1723 
1780 240 
1780 1704 
1781 1837 
1782 1708 
1782 1707 
1783 389 
1783 1784 
1783 1829 
1784 392 
1784 1783 
1784 389 
1784 480 
1784 480 
1784 59 
1785 2137 
1785 1678 
1786 161 
1786 2244 
1787 1973 
1788 2230 
1788 623 
1789 2110 
1789 1671 
1789 1596 
1789 1746 
1789 515 
1790 984 
1790 1623 
1792 1562 
1792 254 
1793 1747 
1793 1946 
1794 310 
1795 2182 
1795 2210 
1796 1650 
1796 1803 
1796 1646 
1797 424 
1797 1706 
1797 617 
1797 235 
1797 402 
1797 1797 
1797 399 
1797 292 
1797 234 
1797 483 
1797 234 
1797 1797 
1797 235 
1798 1516 
1798 1804 
1799 476 
1799 2063 
1799 2143 
1799 54 
1800 1877 
1801 1585 
1801 1595 
1801 1586 
1802 2098 
1803 63 
1803 1650 
1803 1796 
1804 1798 
1805 2050 
1805 1805 
1805 363 
1805 1909 
1805 1978 
1805 1878 
1805 1805 
1806 2096 
1806 1808 
1806 1735 
1807 2073 
1808 1962 
1808 1735 
1808 1806 
1808 2222 
1808 1735 
1809 1618 
1809 1735 
1809 1962 
1810 326 
1810 1571 
1811 1811 
1811 1525 
1811 1866 
1811 1566 
1811 1635 
1811 1398 
1811 2192 
1811 1913 
1811 1920 
1811 787 
1811 1775 
1811 1060 
1811 1915 
1811 1811 
1811 1872 
1811 1866 
1811 1648 
1811 2012 
1812 2179 
1812 1720 
1813 1823 
1813 1823 
1814 367 
1814 368 
1815 1469 
1816 1883 
1817 2124 
1817 2042 
1817 2042 
1819 1852 
1820 1121 
1820 1620 
1821 2034 
1822 1853 
1822 1622 
1822 842 
1823 1813 
1823 1823 
1823 1823 
1823 1813 
1824 1862 
1824 1859 
1824 1673 
1825 1884 
1825 1672 
1825 1850 
1825 1949 
1825 1003 
1825 1011 
1825 1854 
1825 1002 
1826 925 
1826 1740 
1826 1980 
1826 1353 
1827 1635 
1827 1079 
1828 1464 
1828 1882 
1828 97 
1828 1696 
1828 1729 
1828 1731 
1828 1467 
1828 1716 
1828 752 
1828 1961 
1828 1692 
1829 1783 
1829 389 
1830 245 
1830 2167 
1831 1276 
1831 2069 
1832 1634 
1832 2241 
1832 1771 
1833 1493 
1833 2056 
1834 1840 
1834 1121 
1835 2182 
1835 632 
1836 1582 
1837 443 
1837 2133 
1837 5 
1837 1495 
1837 1781 
1838 632 
1838 1998 
1838 957 
1839 1302 
1839 221 
1839 817 
1839 2136 
1839 1840 
1840 1776 
1840 1839 
1840 1834 
1840 238 
1841 2044 
1842 1895 
1842 1120 
1843 115 
1844 534 
1845 1344 
1845 650 
1846 1450 
1846 1996 
1846 1060 
1846 1913 
1846 1775 
1846 101 
1846 2192 
1846 1470 
1846 1155 
1846 1574 
1846 1872 
1846 995 
1846 1905 
1846 1658 
1846 1491 
1846 1635 
1846 847 
1846 1915 
1846 1906 
1847 1847 
1847 2142 
1847 1638 
1847 1847 
1848 1610 
1849 1534 
1849 1535 
1849 1852 
1849 1534 
1849 2150 
1849 1852 
1849 1514 
1849 1529 
1849 1535 
1850 102 
1850 473 
1850 476 
1850 477 
1850 465 
1850 2090 
1850 51 
1850 401 
1850 1011 
1850 1672 
1850 1854 
1850 1825 
1850 1003 
1850 274 
1851 1278 
1851 2173 
1851 750 
1852 1849 
1852 1534 
1852 1852 
1852 1516 
1852 1529 
1852 1535 
1852 1529 
1852 1514 
1852 1849 
1852 1534 
1852 1852 
1852 1819 
1852 1535 
1853 1719 
1853 1622 
1853 497 
1853 286 
1853 1355 
1853 1569 
1853 2219 
1853 1152 
1853 1822 
1853 1385 
1854 1949 
1854 1850 
1854 1672 
1854 1825 
1855 2026 
1857 1957 
1858 1862 
1858 1859 
1858 1859 
1858 2000 
1859 1862 
1859 1859 
1859 1858 
1859 1859 
1859 1858 
1859 1673 
1859 1824 
1859 2000 
1860 1926 
1860 307 
1861 1752 
1861 1489 
1862 1862 
1862 1859 
1862 1824 
1862 1862 
1862 1858 
1863 243 
1863 1680 
1864 790 
1864 1920 
1864 324 
1864 820 
1866 1811 
1866 1525 
1866 1811 
1867 2272 
1867 1536 
1868 1892 
1869 1694 
1869 1102 
1870 1199 
1870 744 
1870 2025 
1870 2025 
1871 1537 
1872 1915 
1872 1846 
1872 1811 
1872 1635 
1872 2012 
1872 1648 
1872 2012 
1873 423 
1873 668 
1873 70 
1873 722 
1873 1341 
1873 1393 
1873 1264 
1873 1152 
1873 2122 
1873 1001 
1873 272 
1873 14 
1873 1088 
1873 476 
1873 134 
1873 1977 
1873 1208 
1873 465 
1873 480 
1873 993 
1873 1185 
1873 63 
1873 421 
1873 486 
1873 473 
1873 74 
1873 367 
1873 1379 
1873 67 
1873 1527 
1874 1894 
1874 1893 
1874 107 
1874 1956 
1875 2264 
1877 1800 
1878 1909 
1878 1805 
1878 1062 
1878 2144 
1878 1937 
1879 464 
1879 568 
1879 487 
1879 2231 
1880 1996 
1880 2263 
1880 2274 
1881 1931 
1881 845 
1882 1828 
1882 1716 
1882 1692 
1882 1729 
1883 1197 
1883 1883 
1883 246 
1883 2166 
1883 2193 
1883 1635 
1883 1668 
1883 1197 
1883 1908 
1883 1883 
1883 1658 
1883 2095 
1883 1816 
1883 1574 
1884 1672 
1884 1825 
1885 2047 
1885 1376 
1885 217 
1885 272 
1886 560 
1886 2019 
1887 108 
1887 915 
1887 1774 
1887 1763 
1888 1213 
1888 2243 
1889 513 
1889 134 
1889 512 
1890 115 
1891 349 
1892 534 
1892 1868 
1893 645 
1893 1874 
1894 1874 
1894 645 
1895 1842 
1895 1925 
1896 995 
1896 816 
1896 1923 
1897 1159 
1897 561 
1897 2040 
1897 2072 
1897 2039 
1897 2121 
1899 1707 
1900 2241 
1900 2077 
1901 1902 
1901 704 
1902 2088 
1902 1901 
1902 74 
1902 583 
1902 2088 
1902 2191 
1903 1992 
1903 2092 
1904 1917 
1904 2270 
1905 1846 
1905 1923 
1906 1450 
1906 1846 
1906 1923 
1908 1883 
1908 1923 
1908 1927 
1909 446 
1909 2185 
1909 1213 
1909 2054 
1909 1805 
1909 1124 
1909 2051 
1909 1394 
1909 2050 
1909 1214 
1909 1878 
1909 2185 
1910 2191 
1911 208 
1911 20 
1911 1508 
1911 1509 
1912 1613 
1913 1846 
1913 1060 
1913 1915 
1913 1676 
1913 1923 
1913 2192 
1913 818 
1913 1811 
1913 1915 
1914 513 
1914 2115 
1915 1927 
1915 1573 
1915 1811 
1915 1060 
1915 1079 
1915 246 
1915 1915 
1915 1913 
1915 1478 
1915 1846 
1915 1872 
1915 1470 
1915 1913 
1915 1775 
1915 1915 
1916 1916 
1916 2147 
1916 2057 
1916 1916 
1917 1904 
1917 2270 
1918 2131 
1919 63 
1919 2045 
1919 293 
1920 790 
1920 1551 
1920 513 
1920 967 
1920 1422 
1920 820 
1920 1864 
1920 1811 
1921 1926 
1921 1926 
1921 2065 
1921 1498 
1922 1079 
1922 335 
1922 175 
1922 1922 
1922 2211 
1922 1927 
1922 1922 
1922 1422 
1923 1913 
1923 1908 
1923 1906 
1923 1896 
1923 1905 
1924 1597 
1925 1895 
1926 936 
1926 1921 
1926 2065 
1926 1860 
1926 1921 
1926 2134 
1927 1079 
1927 1922 
1927 1908 
1927 2211 
1927 1915 
1927 1422 
1928 1933 
1929 1544 
1929 2175 
1930 123 
1930 1934 
1931 2050 
1931 1881 
1932 1933 
1933 1933 
1933 1932 
1933 63 
1933 1092 
1933 1928 
1933 1933 
1934 123 
1934 1930 
1935 1958 
1936 1542 
1936 1543 
1937 1938 
1937 1878 
1938 1077 
1938 1937 
1938 548 
1939 927 
1939 1624 
1940 1656 
1941 2013 
1941 954 
1942 1948 
1943 2130 
1944 1944 
1944 2221 
1944 1130 
1944 1944 
1945 1626 
1945 1631 
1946 342 
1946 1146 
1946 1793 
1947 725 
1947 906 
1947 1739 
1947 1669 
1948 1948 
1948 1948 
1948 1942 
1949 54 
1949 250 
1949 813 
1949 260 
1949 476 
1949 626 
1949 1672 
1949 1011 
1949 1854 
1949 1825 
1949 274 
1950 1749 
1950 364 
1950 2188 
1951 1513 
1951 344 
1951 1657 
1952 1686 
1952 574 
1952 342 
1952 1120 
1953 271 
1953 2197 
1953 2179 
1954 2068 
1954 137 
1955 904 
1955 446 
1955 1062 
1955 2183 
1956 1874 
1957 1857 
1958 93 
1958 1935 
1959 2240 
1959 1735 
1959 631 
1959 630 
1960 2211 
1960 1146 
1961 1828 
1961 422 
1961 1692 
1962 1809 
1962 191 
1962 2096 
1962 1808 
1963 2124 
1964 2113 
1964 304 
1964 2112 
1964 2112 
1965 1967 
1965 1965 
1965 1965 
1966 513 
1966 1966 
1966 632 
1966 1966 
1967 437 
1967 1965 
1967 270 
1968 1723 
1968 64 
1968 1647 
1968 1647 
1968 1738 
1969 477 
1969 70 
1969 465 
1969 2097 
1969 406 
1969 416 
1969 478 
1969 2229 
1969 1523 
1970 1450 
1970 2196 
1970 1398 
1970 2192 
1970 1398 
1970 1510 
1971 2268 
1972 933 
1972 1973 
1973 1973 
1973 46 
1973 602 
1973 175 
1973 1531 
1973 1972 
1973 1973 
1973 1787 
1973 1567 
1973 1990 
1973 1357 
1973 1570 
1973 506 
1973 46 
1974 2011 
1974 63 
1975 2175 
1975 632 
1976 2199 
1977 1132 
1977 1123 
1977 1124 
1977 378 
1977 927 
1977 363 
1977 1632 
1977 2255 
1977 1700 
1977 2002 
1977 996 
1977 1258 
1977 1873 
1977 2064 
1977 861 
1978 1805 
1978 568 
1979 1979 
1979 984 
1979 471 
1979 668 
1979 1979 
1979 524 
1979 2049 
1979 1576 
1980 224 
1980 1288 
1980 367 
1980 413 
1980 174 
1980 75 
1980 1073 
1980 1385 
1980 426 
1980 2173 
1980 2187 
1980 2002 
1980 1826 
1980 325 
1981 367 
1981 174 
1981 1130 
1981 2064 
1981 2209 
1981 996 
1981 2002 
1982 2276 
1983 1714 
1983 2124 
1984 1364 
1984 1100 
1984 337 
1984 1684 
1985 1102 
1986 1524 
1986 2259 
1988 344 
1988 1513 
1988 193 
1988 1513 
1989 1752 
1989 513 
1990 1973 
1991 2074 
1991 389 
1991 1995 
1991 468 
1991 469 
1992 463 
1992 537 
1992 1157 
1992 395 
1992 1156 
1992 1250 
1992 1153 
1992 1457 
1992 1903 
1993 2117 
1994 2132 
1995 565 
1995 1742 
1995 844 
1995 468 
1995 1178 
1995 1742 
1995 469 
1995 1991 
1996 1846 
1996 118 
1996 1880 
1997 1601 
1998 1686 
1998 1838 
1998 1470 
1999 729 
1999 1407 
1999 1548 
2000 2247 
2000 1858 
2000 1859 
2001 1634 
2001 1771 
2001 2172 
2001 2120 
2001 2077 
2002 363 
2002 1132 
2002 1123 
2002 1128 
2002 1130 
2002 251 
2002 1977 
2002 367 
2002 1124 
2002 1980 
2002 1981 
2002 1129 
2002 375 
2002 857 
2002 364 
2002 1073 
2002 1040 
2002 1118 
2002 1288 
2002 996 
2002 2173 
2002 1568 
2003 72 
2004 363 
2004 2197 
2004 217 
2005 492 
2005 906 
2005 2105 
2005 942 
2006 491 
2006 492 
2006 1276 
2006 1309 
2006 2105 
2006 2026 
2006 490 
2006 942 
2006 492 
2007 2008 
2007 772 
2007 561 
2007 2039 
2007 2121 
2007 2040 
2007 1159 
2008 772 
2008 2007 
2008 561 
2008 2125 
2008 1159 
2009 2241 
2009 2041 
2010 422 
2010 403 
2010 2010 
2010 1731 
2010 2010 
2011 513 
2011 1974 
2011 512 
2011 1426 
2012 1635 
2012 787 
2012 1811 
2012 1525 
2012 1872 
2012 1698 
2012 1872 
2013 2164 
2013 1572 
2013 418 
2013 180 
2013 1345 
2013 543 
2013 245 
2013 1572 
2013 539 
2013 1941 
2013 2126 
2013 538 
2013 596 
2013 2164 
2014 580 
2015 1721 
2016 2079 
2017 513 
2017 2254 
2017 2113 
2018 293 
2018 2045 
2019 64 
2019 63 
2019 32 
2019 1886 
2020 2051 
2020 436 
2020 436 
2020 2153 
2021 556 
2021 425 
2021 1549 
2021 1553 
2021 1734 
2021 1752 
2021 1670 
2021 432 
2022 2051 
2023 2245 
2023 2245 
2024 432 
2024 1670 
2024 2166 
2024 1752 
2025 2025 
2025 1870 
2025 2025 
2025 1870 
2026 2006 
2026 1276 
2026 492 
2026 1855 
2027 105 
2027 1640 
2027 108 
2027 103 
2028 1702 
2029 1644 
2029 1644 
2030 2177 
2031 1240 
2032 426 
2032 1240 
2032 312 
2032 1170 
2032 416 
2032 2091 
2032 1697 
2032 1768 
2033 1398 
2033 1635 
2034 1691 
2034 1509 
2034 1821 
2035 1407 
2035 2148 
2035 1600 
2035 412 
2035 1732 
2035 2250 
2035 147 
2036 1749 
2036 1547 
2037 2246 
2038 364 
2038 1502 
2039 1159 
2039 2007 
2039 1469 
2039 1897 
2040 1159 
2040 1469 
2040 1897 
2040 2007 
2040 561 
2041 2120 
2041 1634 
2041 2009 
2042 2124 
2042 1817 
2042 1817 
2043 1071 
2043 423 
2044 1841 
2044 1302 
2045 97 
2045 63 
2045 1564 
2045 293 
2045 1919 
2045 1599 
2045 2235 
2045 2018 
2045 1587 
2046 2114 
2046 2113 
2046 304 
2047 1407 
2047 2214 
2047 1885 
2047 2238 
2047 996 
2047 722 
2047 1407 
2047 729 
2047 744 
2047 1370 
2047 1001 
2048 2184 
2048 1213 
2049 2091 
2049 668 
2049 360 
2049 53 
2049 1979 
2050 845 
2050 1805 
2050 2054 
2050 1440 
2050 1642 
2050 2107 
2050 1931 
2050 1909 
2051 2022 
2051 271 
2051 436 
2051 2185 
2051 1909 
2051 2020 
2051 1614 
2051 2153 
2052 1591 
2052 98 
2052 646 
2052 1744 
2052 715 
2052 189 
2052 1728 
2053 2229 
2053 250 
2053 575 
2053 1591 
2054 363 
2054 1642 
2054 2050 
2054 1909 
2054 2185 
2055 1500 
2056 1121 
2056 1493 
2056 1121 
2056 1833 
2056 89 
2057 1916 
2058 2230 
2059 79 
2060 1606 
2061 2148 
2062 2181 
2063 1799 
2063 60 
2063 476 
2063 784 
2064 1132 
2064 1981 
2064 1977 
2064 996 
2065 1926 
2065 1921 
2066 208 
2066 2071 
2067 1718 
2068 364 
2068 1954 
2069 1609 
2069 2070 
2069 1831 
2070 1276 
2070 2069 
2070 1609 
2070 1218 
2071 1690 
2071 2066 
2072 772 
2072 1113 
2072 1469 
2072 1159 
2072 561 
2072 1897 
2072 134 
2072 1113 
2072 2189 
2073 1807 
2073 744 
2073 887 
2073 1135 
2074 389 
2074 392 
2074 1991 
2075 41 
2075 36 
2075 1488 
2076 583 
2076 1694 
2077 2120 
2077 2001 
2077 1900 
2078 466 
2079 2016 
2080 1044 
2080 366 
2080 813 
2080 211 
2080 364 
2080 1324 
2080 1130 
2080 278 
2080 1128 
2080 908 
2080 645 
2080 1302 
2080 486 
2080 1045 
2080 736 
2080 900 
2080 899 
2081 1132 
2081 378 
2081 1130 
2081 1124 
2081 1633 
2081 1128 
2081 1129 
2081 1700 
2081 340 
2082 1654 
2083 192 
2084 2085 
2084 565 
2084 276 
2084 119 
2084 537 
2084 276 
2084 2122 
2084 1558 
2085 539 
2085 2084 
2086 1530 
2087 1079 
2087 1635 
2087 2226 
2088 74 
2088 1902 
2088 1117 
2088 1902 
2089 476 
2089 2093 
2090 464 
2090 2090 
2090 2155 
2090 1002 
2090 371 
2090 1011 
2090 2090 
2090 1850 
2090 473 
2091 53 
2091 2049 
2091 1697 
2091 1768 
2091 2032 
2092 537 
2092 1156 
2092 497 
2092 1903 
2093 250 
2093 2089 
2095 1883 
2096 1962 
2096 1806 
2097 476 
2097 477 
2097 1969 
2097 2101 
2097 550 
2097 465 
2097 138 
2097 547 
2098 1586 
2098 1585 
2098 1802 
2098 2228 
2099 842 
2099 1581 
2100 2204 
2100 1407 
2101 2097 
2101 2101 
2101 476 
2101 477 
2101 484 
2101 1552 
2101 1170 
2101 636 
2101 2101 
2101 421 
2101 550 
2101 3 
2101 1240 
2102 2182 
2102 1687 
2102 2138 
2102 2182 
2103 115 
2103 2103 
2103 367 
2103 45 
2103 1558 
2103 2103 
2104 2104 
2104 1634 
2104 2104 
2105 2006 
2105 2005 
2105 942 
2105 540 
2106 1695 
2107 2050 
2107 1213 
2108 3 
2108 1758 
2109 49 
2109 2268 
2110 1789 
2110 515 
2111 1639 
2112 2113 
2112 1964 
2112 2114 
2112 304 
2112 1964 
2112 2114 
2113 304 
2113 2114 
2113 1602 
2113 1964 
2113 1206 
2113 2112 
2113 304 
2113 894 
2113 730 
2113 1528 
2113 2119 
2113 1655 
2113 2046 
2113 2017 
2114 2113 
2114 2112 
2114 2046 
2114 2112 
2114 894 
2115 1914 
2115 513 
2117 1993 
2118 1422 
2118 1311 
2119 513 
2119 2113 
2119 304 
2120 2001 
2120 1634 
2120 2241 
2120 2041 
2120 2172 
2120 2077 
2121 2007 
2121 316 
2121 1897 
2122 2084 
2122 480 
2122 275 
2122 445 
2122 2206 
2122 1873 
2122 445 
2122 2206 
2122 1679 
2123 1464 
2123 353 
2123 1692 
2124 2124 
2124 1963 
2124 1772 
2124 1817 
2124 2124 
2124 1983 
2124 2042 
2125 63 
2125 1159 
2125 2008 
2126 1632 
2126 418 
2126 2013 
2126 2161 
2126 1572 
2127 1711 
2127 1712 
2128 1664 
2130 1943 
2131 1918 
2132 1994 
2133 1837 
2133 123 
2134 1926 
2136 1620 
2136 1302 
2136 1839 
2136 221 
2136 1776 
2137 623 
2137 1785 
2137 1674 
2137 1678 
2138 581 
2138 2102 
2138 412 
2138 934 
2138 364 
2138 928 
2138 1778 
2138 1778 
2138 229 
2139 2168 
2140 651 
2140 64 
2142 1426 
2142 1847 
2143 1799 
2143 626 
2143 467 
2143 476 
2143 477 
2143 715 
2143 2215 
2143 431 
2143 1675 
2144 1213 
2144 1118 
2144 1878 
2145 134 
2145 513 
2145 1588 
2145 1753 
2146 579 
2146 2251 
2147 1916 
2148 136 
2148 115 
2148 2061 
2148 531 
2148 1259 
2148 2252 
2148 1517 
2148 2035 
2149 2179 
2149 530 
2149 514 
2149 492 
2149 1309 
2149 1276 
2149 2169 
2150 1849 
2150 1535 
2151 292 
2151 235 
2151 1706 
2153 436 
2153 2020 
2153 2051 
2155 2090 
2156 485 
2157 1583 
2158 395 
2158 1136 
2158 367 
2158 45 
2158 2158 
2158 537 
2158 192 
2158 2163 
2158 1153 
2158 2163 
2158 2158 
2159 725 
2159 1629 
2159 906 
2160 1665 
2160 579 
2160 367 
2160 750 
2161 386 
2161 543 
2161 2126 
2162 713 
2162 221 
2162 44 
2162 1045 
2162 1121 
2162 542 
2162 1493 
2163 2163 
2163 2158 
2163 212 
2163 731 
2163 1283 
2163 119 
2163 2163 
2163 276 
2163 1558 
2163 2158 
2164 1632 
2164 1302 
2164 418 
2164 607 
2164 2013 
2164 2013 
2165 1159 
2165 561 
2166 2166 
2166 1883 
2166 2024 
2166 2166 
2166 1752 
2167 1830 
2168 53 
2168 2139 
2169 514 
2169 2149 
2169 492 
2170 1555 
2171 2171 
2171 1665 
2171 1544 
2171 1650 
2171 2171 
2171 560 
2172 2001 
2172 1634 
2172 2120 
2173 2002 
2173 1980 
2173 857 
2173 1851 
2174 83 
2174 2256 
2174 83 
2174 645 
2175 1975 
2175 1929 
2176 115 
2176 1554 
2176 1558 
2176 45 
2177 2030 
2178 349 
2178 1469 
2179 1812 
2179 86 
2179 2149 
2179 2181 
2179 750 
2179 985 
2179 1209 
2179 1953 
2180 2218 
2181 1123 
2181 2179 
2181 798 
2181 363 
2181 491 
2181 74 
2181 583 
2181 2062 
2181 2191 
2181 1066 
2181 1546 
2181 1565 
2182 934 
2182 75 
2182 2102 
2182 465 
2182 2182 
2182 477 
2182 1410 
2182 1795 
2182 229 
2182 1835 
2182 2102 
2182 2182 
2183 1955 
2184 1558 
2184 2048 
2184 1227 
2185 2051 
2185 2054 
2185 1909 
2185 1909 
2186 83 
2186 645 
2187 367 
2187 1980 
2187 533 
2188 1950 
2188 349 
2189 1113 
2189 2072 
2190 2248 
2190 2257 
2191 1123 
2191 607 
2191 1902 
2191 927 
2191 2181 
2191 798 
2191 1910 
2191 583 
2191 1452 
2192 1525 
2192 787 
2192 1155 
2192 1036 
2192 1846 
2192 2196 
2192 989 
2192 1913 
2192 820 
2192 1274 
2192 1035 
2192 1037 
2192 1398 
2192 1811 
2192 1970 
2192 805 
2193 1883 
2193 1197 
2196 143 
2196 1398 
2196 1970 
2196 2192 
2197 1766 
2197 1393 
2197 1701 
2197 2004 
2197 1953 
2198 1770 
2198 1769 
2199 1976 
2200 1505 
2201 22 
2201 2212 
2201 1628 
2201 612 
2202 1501 
2203 1766 
2203 1410 
2204 1407 
2204 2100 
2205 1077 
2205 1213 
2205 192 
2206 1072 
2206 2122 
2206 389 
2206 2122 
2207 1515 
2207 281 
2208 1689 
2209 1981 
2209 1393 
2209 367 
2209 1341 
2209 217 
2209 579 
2209 1737 
2210 1795 
2211 1960 
2211 1422 
2211 1635 
2211 2271 
2211 1922 
2211 1013 
2211 1927 
2212 2201 
2213 1577 
2213 2237 
2214 2047 
2214 59 
2214 1264 
2215 2215 
2215 2143 
2215 476 
2215 626 
2215 2215 
2216 1561 
2218 2180 
2219 1853 
2219 1719 
2220 1044 
2220 278 
2220 392 
2220 838 
2220 497 
2220 839 
2220 1045 
2220 542 
2220 2220 
2220 1345 
2220 1006 
2220 1607 
2220 2220 
2221 2221 
2221 1944 
2221 2221 
2222 2233 
2222 1808 
2225 324 
2225 1635 
2225 1491 
2226 2226 
2226 2087 
2226 2226 
2228 2098 
2228 1585 
2229 2053 
2229 2239 
2229 715 
2229 1969 
2230 623 
2230 1788 
2230 1674 
2230 2058 
2230 210 
2231 1879 
2232 1754 
2233 2222 
2233 202 
2234 392 
2234 565 
2234 1156 
2234 21 
2234 1156 
2234 1733 
2234 286 
2235 2045 
2236 1691 
2236 550 
2236 1691 
2237 2213 
2237 1453 
2237 675 
2238 2047 
2238 750 
2239 364 
2239 477 
2239 412 
2239 2229 
2239 715 
2239 584 
2239 1451 
2239 1591 
2239 550 
2239 715 
2239 1332 
2240 1735 
2240 1959 
2240 630 
2241 1832 
2241 1900 
2241 2009 
2241 1634 
2241 2120 
2242 1557 
2242 449 
2243 1522 
2243 1888 
2244 602 
2244 1786 
2244 161 
2245 2023 
2245 2023 
2246 387 
2246 2037 
2247 2000 
2248 2190 
2249 1551 
2249 420 
2249 214 
2250 400 
2250 534 
2250 476 
2250 2035 
2251 1030 
2251 2251 
2251 2146 
2251 2251 
2252 136 
2252 2148 
2252 1145 
2252 1761 
2253 1364 
2253 1681 
2253 1059 
2253 1559 
2253 750 
2253 1593 
2254 513 
2254 2017 
2254 103 
2254 1528 
2255 1977 
2255 1352 
2255 1132 
2255 1633 
2255 1725 
2256 83 
2256 83 
2256 645 
2256 2174 
2257 85 
2257 2190 
2257 134 
2258 66 
2258 1588 
2259 1986 
2259 41 
2260 531 
2261 1751 
2262 85 
2262 772 
2263 1880 
2263 1573 
2263 1525 
2263 1574 
2264 1691 
2264 550 
2264 1875 
2265 1496 
2266 1162 
2267 1731 
2268 1504 
2268 2109 
2268 1971 
2269 2269 
2269 565 
2269 2269 
2269 82 
2270 1917 
2270 1904 
2271 2211 
2271 744 
2272 1197 
2272 1867 
2273 175 
2274 1574 
2274 1880 
2274 1525 
2274 1573 
2275 876 
2275 952 
2275 1497 
2275 1404 
2276 657 
2276 1181 
2276 1982 
