0 5
1 7
2 10
3 10
4 10
5 7
6 1
7 3
8 10
9 10
10 7
11 10
12 7
13 10
14 10
15 10
16 10
17 10
18 7
19 7
20 10
21 10
22 10
23 10
24 7
25 10
26 10
27 1
28 10
29 0
30 10
31 10
32 7
33 10
34 7
35 7
36 12
37 1
38 10
39 10
40 10
41 10
42 3
43 3
44 10
45 10
46 12
47 3
48 10
49 10
50 10
51 10
52 10
53 5
54 12
55 7
56 10
57 0
58 10
59 10
60 7
61 7
62 3
63 5
64 5
65 7
66 10
67 7
68 0
69 7
70 10
71 10
72 10
73 10
74 7
75 10
76 10
77 10
78 10
79 12
80 10
81 10
82 10
83 5
84 10
85 0
86 1
87 10
88 7
89 10
90 10
91 6
92 10
93 10
94 5
95 10
96 5
97 10
98 3
99 10
100 0
101 7
102 11
103 10
104 10
105 10
106 1
107 7
108 10
109 10
110 10
111 0
112 10
113 10
114 12
115 10
116 10
117 5
118 7
119 7
120 2
121 12
122 10
123 12
124 0
125 10
126 1
127 10
128 10
129 10
130 10
131 6
132 10
133 10
134 10
135 7
136 7
137 7
138 5
139 10
140 10
141 12
142 6
143 10
144 10
145 9
146 12
147 10
148 10
149 10
150 10
151 10
152 0
153 12
154 10
155 5
156 10
157 10
158 10
159 7
160 10
161 10
162 10
163 10
164 10
165 10
166 10
167 12
168 3
169 10
170 7
171 5
172 10
173 7
174 3
175 10
176 10
177 10
178 7
179 7
180 7
181 1
182 10
183 7
184 10
185 10
186 10
187 10
188 10
189 10
190 5
191 7
192 7
193 10
194 10
195 7
196 10
197 10
198 3
199 6
200 10
201 7
202 10
203 10
204 10
205 10
206 10
207 10
208 7
209 10
210 10
211 10
212 7
213 7
214 12
215 10
216 0
217 7
218 5
219 10
220 10
221 7
222 10
223 7
224 1
225 7
226 10
227 10
228 10
229 12
230 7
231 5
232 0
233 10
234 1
235 10
236 7
237 1
238 10
239 10
240 1
241 12
242 10
243 10
244 10
245 1
246 1
247 10
248 10
249 0
250 12
251 10
252 10
253 10
254 10
255 10
256 1
257 7
258 1
259 10
260 12
261 12
262 0
263 10
264 8
265 12
266 10
267 12
268 2
269 12
270 0
271 0
272 10
273 10
274 10
275 10
276 7
277 7
278 7
279 7
280 1
281 1
282 0
283 10
284 10
285 10
286 7
287 10
288 10
289 10
290 10
291 10
292 5
293 10
294 12
295 10
296 10
297 10
298 7
299 5
300 10
301 10
302 10
303 10
304 10
305 10
306 7
307 0
308 7
309 7
310 7
311 7
312 7
313 7
314 0
315 7
316 10
317 7
318 1
319 10
320 7
321 3
322 10
323 7
324 7
325 10
326 12
327 6
328 10
329 10
330 10
331 10
332 10
333 5
334 10
335 0
336 10
337 7
338 7
339 5
340 1
341 10
342 7
343 7
344 10
345 0
346 10
347 0
348 10
349 10
350 0
351 10
352 7
353 7
354 7
355 10
356 7
357 5
358 7
359 10
360 10
361 1
362 10
363 10
364 10
365 10
366 10
367 10
368 10
369 7
370 10
371 7
372 10
373 7
374 10
375 7
376 10
377 12
378 10
379 10
380 7
381 7
382 10
383 7
384 10
385 10
386 7
387 1
388 7
389 10
390 10
391 6
392 0
393 10
394 7
395 7
396 10
397 7
398 7
399 7
400 10
401 6
402 10
403 0
404 10
405 10
406 10
407 7
408 10
409 7
410 0
411 10
412 7
413 10
414 10
415 10
416 7
417 10
418 12
419 10
420 10
421 1
422 7
423 10
424 10
425 7
426 12
427 10
428 10
429 7
430 10
431 7
432 10
433 12
434 7
435 10
436 10
437 1
438 10
439 10
440 10
441 0
442 0
443 12
444 7
445 5
446 10
447 7
448 5
449 7
450 10
451 10
452 10
453 10
454 5
455 10
456 7
457 10
458 5
459 7
460 7
461 12
462 7
463 10
464 7
465 10
466 7
467 7
468 1
469 1
470 10
471 10
472 10
473 3
474 10
475 12
476 10
477 7
478 4
479 7
480 3
481 7
482 7
483 7
484 10
485 10
486 0
487 10
488 5
489 0
490 12
491 10
492 10
493 10
494 10
495 10
496 10
497 0
498 7
499 7
500 3
501 10
502 10
503 10
504 5
505 10
506 10
507 10
508 7
509 10
510 4
511 12
512 12
513 10
514 10
515 0
516 10
517 2
518 1
519 10
520 10
521 10
522 10
523 10
524 10
525 7
526 7
527 10
528 7
529 10
530 10
531 10
532 5
533 7
534 0
535 10
536 10
537 1
538 1
539 1
540 10
541 7
542 7
543 10
544 12
545 10
546 7
547 10
548 10
549 5
550 12
551 12
552 10
553 10
554 10
555 10
556 7
557 7
558 7
559 10
560 10
561 12
562 7
563 10
564 12
565 10
566 10
567 7
568 2
569 7
570 1
571 10
572 12
573 10
574 10
575 10
576 10
577 7
578 10
579 10
580 10
581 1
582 0
583 1
584 7
585 7
586 7
587 10
588 10
589 7
590 10
591 10
592 10
593 12
594 7
595 1
596 7
597 12
598 0
599 7
600 7
601 10
602 5
603 10
604 7
605 1
606 7
607 10
608 10
609 3
610 6
611 3
612 10
613 7
614 7
615 7
616 7
617 7
618 1
619 10
620 10
621 7
622 10
623 6
624 7
625 7
626 7
627 2
628 7
629 10
630 0
631 10
632 10
633 0
634 7
635 10
636 5
637 10
638 3
639 10
640 10
641 1
642 10
643 10
644 10
645 10
646 10
647 6
648 1
649 10
650 10
651 10
652 10
653 10
654 10
655 7
656 10
657 10
658 12
659 1
660 6
661 5
662 10
663 10
664 10
665 10
666 2
667 10
668 10
669 7
670 10
671 10
672 2
673 10
674 7
675 10
676 1
677 7
678 10
679 10
680 7
681 12
682 7
683 10
684 2
685 10
686 3
687 10
688 10
689 7
690 0
691 10
692 12
693 10
694 7
695 7
696 5
697 10
698 10
699 10
700 7
701 10
702 7
703 7
704 0
705 10
706 7
707 10
708 10
709 10
710 7
711 10
712 10
713 10
714 10
715 10
716 6
717 10
718 10
719 10
720 10
721 10
722 12
723 10
724 7
725 10
726 10
727 7
728 10
729 0
730 10
731 7
732 10
733 10
734 10
735 10
736 10
737 10
738 10
739 0
740 7
741 10
742 3
743 7
744 10
745 0
746 7
747 10
748 7
749 7
750 12
751 12
752 12
753 7
754 10
755 7
756 10
757 10
758 12
759 10
760 7
761 7
762 7
763 10
764 7
765 7
766 7
767 5
768 10
769 7
770 10
771 10
772 5
773 0
774 1
775 7
776 10
777 10
778 5
779 10
780 10
781 10
782 10
783 10
784 10
785 10
786 7
787 10
788 5
789 7
790 6
791 10
792 5
793 10
794 10
795 7
796 10
797 10
798 7
799 7
800 0
801 1
802 10
803 7
804 5
805 10
806 7
807 10
808 5
809 7
810 10
811 10
812 6
813 7
814 10
815 1
816 10
817 0
818 7
819 7
820 7
821 10
822 10
823 10
824 10
825 10
826 10
827 5
828 10
829 10
830 10
831 3
832 7
833 10
834 10
835 7
836 10
837 3
838 1
839 7
840 12
841 7
842 10
843 10
844 10
845 10
846 5
847 7
848 10
849 10
850 10
851 7
852 10
853 10
854 12
855 10
856 10
857 1
858 10
859 10
860 0
861 10
862 10
863 10
864 10
865 10
866 10
867 5
868 7
869 10
870 10
871 10
872 10
873 1
874 10
875 6
876 5
877 7
878 10
879 10
880 10
881 10
882 12
883 3
884 10
885 10
886 12
887 10
888 10
889 10
890 7
891 7
892 10
893 10
894 3
895 0
896 0
897 10
898 10
899 10
900 10
901 10
902 1
903 3
904 10
905 10
906 10
907 7
908 10
909 7
910 10
911 7
912 7
913 10
914 10
915 10
916 10
917 10
918 7
919 10
920 7
921 6
922 5
923 7
924 1
925 10
926 10
927 10
928 10
929 5
930 0
931 10
932 10
933 10
934 10
935 10
936 7
937 10
938 10
939 0
940 10
941 5
942 10
943 12
944 7
945 10
946 12
947 10
948 10
949 12
950 10
951 7
952 10
953 1
954 10
955 7
956 1
957 7
958 0
959 10
960 10
961 12
962 7
963 10
964 10
965 10
966 12
967 10
968 11
969 1
970 10
971 12
972 7
973 7
974 6
975 1
976 10
977 7
978 7
979 7
980 10
981 10
982 10
983 10
984 10
985 10
986 7
987 3
988 10
989 10
990 10
991 10
992 10
993 10
994 10
995 10
996 3
997 1
998 10
999 10
1000 3
1001 10
1002 10
1003 10
1004 7
1005 7
1006 0
1007 10
1008 7
1009 10
1010 10
1011 10
1012 10
1013 5
1014 6
1015 0
1016 10
1017 10
1018 12
1019 10
1020 3
1021 10
1022 10
1023 0
1024 10
1025 10
1026 10
1027 10
1028 7
1029 12
1030 10
1031 10
1032 7
1033 12
1034 12
1035 3
1036 10
1037 3
1038 10
1039 10
1040 10
1041 7
1042 10
1043 7
1044 10
1045 10
1046 10
1047 3
1048 10
1049 10
1050 10
1051 7
1052 7
1053 10
1054 10
1055 10
1056 10
1057 0
1058 7
1059 7
1060 10
1061 1
1062 12
1063 10
1064 5
1065 7
1066 10
1067 10
1068 7
1069 6
1070 10
1071 0
1072 10
1073 10
1074 10
1075 3
1076 10
1077 10
1078 12
1079 10
1080 7
1081 6
1082 10
1083 10
1084 7
1085 10
1086 10
1087 10
1088 3
1089 7
1090 7
1091 7
1092 10
1093 7
1094 6
1095 3
1096 10
1097 10
1098 2
1099 0
1100 7
1101 10
1102 5
1103 1
1104 7
1105 10
1106 7
1107 10
1108 7
1109 12
1110 7
1111 5
1112 10
1113 10
1114 1
1115 5
1116 1
1117 10
1118 1
1119 10
1120 7
1121 10
1122 11
1123 10
1124 10
1125 10
1126 7
1127 10
1128 10
1129 10
1130 7
1131 6
1132 2
1133 1
1134 10
1135 7
1136 10
1137 6
1138 1
1139 10
1140 10
1141 10
1142 10
1143 10
1144 3
1145 10
1146 1
1147 7
1148 10
1149 10
1150 10
1151 10
1152 3
1153 10
1154 10
1155 10
1156 10
1157 10
1158 7
1159 1
1160 1
1161 7
1162 7
1163 1
1164 7
1165 10
1166 10
1167 7
1168 0
1169 11
1170 1
1171 5
1172 7
1173 5
1174 10
1175 10
1176 10
1177 6
1178 7
1179 2
1180 10
1181 7
1182 12
1183 12
1184 12
1185 7
1186 10
1187 7
1188 10
1189 10
1190 10
1191 12
1192 10
1193 3
1194 10
1195 12
1196 10
1197 0
1198 10
1199 6
1200 7
1201 10
1202 7
1203 7
1204 10
1205 10
1206 7
1207 7
1208 7
1209 10
1210 12
1211 10
1212 10
1213 3
1214 10
1215 3
1216 5
1217 10
1218 10
1219 10
1220 10
1221 10
1222 10
1223 12
1224 7
1225 10
1226 7
1227 3
1228 10
1229 3
1230 10
1231 10
1232 10
1233 6
1234 12
1235 7
1236 7
1237 7
1238 7
1239 6
1240 2
1241 10
1242 7
1243 7
1244 10
1245 0
1246 1
1247 10
1248 10
1249 10
1250 7
1251 7
1252 10
1253 0
1254 7
1255 7
1256 10
1257 10
1258 7
1259 10
1260 7
1261 5
1262 10
1263 0
1264 10
1265 11
1266 10
1267 7
1268 10
1269 10
1270 10
1271 7
1272 10
1273 6
1274 10
1275 7
1276 10
1277 10
1278 7
1279 7
1280 7
1281 10
1282 7
1283 10
1284 7
1285 3
1286 0
1287 3
1288 5
1289 7
1290 10
1291 5
1292 10
1293 8
1294 10
1295 12
1296 10
1297 7
1298 10
1299 10
1300 10
1301 10
1302 10
1303 5
1304 10
1305 12
1306 10
1307 7
1308 5
1309 10
1310 7
1311 10
1312 7
1313 10
1314 7
1315 12
1316 7
1317 7
1318 10
1319 1
1320 10
1321 1
1322 6
1323 10
1324 0
1325 7
1326 0
1327 10
1328 10
1329 10
1330 7
1331 7
1332 10
1333 12
1334 7
1335 10
1336 7
1337 10
1338 10
1339 1
1340 10
1341 7
1342 10
1343 10
1344 10
1345 10
1346 10
1347 10
1348 10
1349 10
1350 7
1351 7
1352 10
1353 7
1354 7
1355 10
1356 7
1357 7
1358 10
1359 7
1360 10
1361 10
1362 0
1363 10
1364 10
1365 7
1366 5
1367 10
1368 12
1369 7
1370 10
1371 12
1372 10
1373 1
1374 10
1375 1
1376 10
1377 10
1378 10
1379 7
1380 10
1381 3
1382 10
1383 5
1384 10
1385 10
1386 10
1387 10
1388 7
1389 10
1390 6
1391 10
1392 10
1393 12
1394 10
1395 0
1396 7
1397 9
1398 3
1399 10
1400 5
1401 6
1402 0
1403 10
1404 1
1405 10
1406 10
1407 0
1408 10
1409 7
1410 10
1411 7
1412 7
1413 10
1414 7
1415 7
1416 7
1417 7
1418 7
1419 6
1420 1
1421 10
1422 10
1423 9
1424 10
1425 10
1426 7
1427 10
1428 10
1429 1
1430 10
1431 10
1432 10
1433 10
1434 7
1435 10
1436 7
1437 10
1438 10
1439 7
1440 10
1441 7
1442 10
1443 10
1444 10
1445 10
1446 10
1447 7
1448 10
1449 5
1450 7
1451 12
1452 10
1453 12
1454 12
1455 12
1456 10
1457 7
1458 7
1459 12
1460 2
1461 7
1462 10
1463 3
1464 10
1465 10
1466 10
1467 10
1468 1
1469 10
1470 10
1471 10
1472 1
1473 7
1474 5
1475 10
1476 10
1477 7
1478 10
1479 7
1480 5
1481 7
1482 10
1483 10
1484 10
1485 7
1486 10
1487 2
1488 7
1489 3
1490 10
1491 1
1492 10
1493 6
1494 10
1495 7
1496 7
1497 1
1498 10
1499 10
1500 10
1501 10
1502 12
1503 10
1504 7
1505 6
1506 10
1507 7
1508 0
1509 10
1510 10
1511 10
1512 10
1513 10
1514 10
1515 10
1516 6
1517 10
1518 10
1519 7
1520 3
1521 10
1522 1
1523 10
1524 7
1525 10
1526 7
1527 10
1528 10
1529 1
1530 7
1531 7
1532 0
1533 10
1534 3
1535 0
1536 10
1537 3
1538 10
1539 10
1540 12
1541 10
1542 10
1543 10
1544 10
1545 10
1546 10
1547 12
1548 7
1549 0
1550 12
1551 1
1552 10
1553 7
1554 7
1555 10
1556 10
1557 5
1558 10
1559 10
1560 5
1561 5
1562 5
1563 10
1564 10
1565 10
1566 7
1567 10
1568 1
1569 7
1570 10
1571 7
1572 10
1573 5
1574 10
1575 10
1576 10
1577 10
1578 3
1579 10
1580 7
1581 7
1582 3
1583 10
1584 7
1585 7
1586 10
1587 3
1588 10
1589 7
1590 3
1591 12
1592 5
1593 7
1594 7
1595 7
1596 7
1597 7
1598 10
1599 0
1600 10
1601 10
1602 1
1603 10
1604 10
1605 10
1606 10
1607 10
1608 10
1609 7
1610 3
1611 6
1612 10
1613 10
1614 7
1615 0
1616 10
1617 10
1618 12
1619 2
1620 10
1621 10
1622 10
1623 10
1624 10
1625 10
1626 10
1627 1
1628 10
1629 10
1630 10
1631 10
1632 10
1633 6
1634 7
1635 7
1636 1
1637 7
1638 7
1639 10
1640 7
1641 7
1642 7
1643 7
1644 7
1645 10
1646 10
1647 10
1648 10
1649 7
1650 7
1651 12
1652 10
1653 7
1654 10
1655 10
1656 10
1657 1
1658 12
1659 1
1660 7
1661 7
1662 0
1663 7
1664 10
1665 10
1666 7
1667 10
1668 5
1669 7
1670 10
1671 10
1672 10
1673 6
1674 7
1675 3
1676 5
1677 10
1678 1
1679 6
1680 10
1681 10
1682 6
1683 10
1684 10
1685 10
1686 1
1687 10
1688 7
1689 1
1690 10
1691 7
1692 10
1693 7
1694 7
1695 10
1696 10
1697 10
1698 7
1699 10
1700 10
1701 7
1702 1
1703 10
1704 3
1705 5
1706 10
1707 10
1708 1
1709 10
1710 1
1711 10
1712 6
1713 1
1714 7
1715 6
1716 10
1717 10
1718 10
1719 10
1720 10
1721 10
1722 10
1723 12
1724 12
1725 10
1726 12
1727 10
1728 10
1729 10
1730 10
1731 12
1732 3
1733 10
1734 10
1735 10
1736 7
1737 7
1738 7
1739 10
1740 7
1741 10
1742 10
1743 5
1744 7
1745 8
1746 7
1747 10
1748 10
1749 10
1750 7
1751 10
1752 10
1753 10
1754 10
1755 10
1756 1
1757 10
1758 7
1759 10
1760 7
1761 7
1762 1
1763 10
1764 12
1765 5
1766 1
1767 7
1768 1
1769 10
1770 7
1771 10
1772 10
1773 10
1774 10
1775 10
1776 10
1777 7
1778 10
1779 10
1780 10
1781 10
1782 10
1783 7
1784 3
1785 10
1786 10
1787 10
1788 10
1789 12
1790 10
1791 1
1792 7
1793 7
1794 7
1795 10
1796 10
1797 10
1798 7
1799 12
1800 7
1801 1
1802 10
1803 10
1804 0
1805 10
1806 7
1807 3
1808 10
1809 10
1810 3
1811 3
1812 0
1813 6
1814 10
1815 1
1816 10
1817 3
1818 10
1819 10
1820 0
1821 0
1822 10
1823 7
1824 10
1825 3
1826 10
1827 3
1828 10
1829 10
1830 1
1831 2
1832 10
1833 0
1834 7
1835 10
1836 7
1837 1
1838 5
1839 10
1840 10
1841 3
1842 0
1843 10
1844 7
1845 7
1846 1
1847 6
1848 10
1849 12
1850 1
1851 7
1852 5
1853 7
1854 10
1855 1
1856 10
1857 12
1858 10
1859 1
1860 10
1861 0
1862 10
1863 10
1864 10
1865 10
1866 10
1867 7
1868 10
1869 10
1870 3
1871 7
1872 7
1873 4
1874 12
1875 0
1876 7
1877 5
1878 7
1879 1
1880 6
1881 10
1882 7
1883 0
1884 7
1885 10
1886 5
1887 0
1888 3
1889 12
1890 10
1891 10
1892 7
1893 1
1894 1
1895 10
1896 7
1897 7
1898 3
1899 10
1900 10
1901 10
1902 10
1903 10
1904 10
1905 10
1906 10
1907 12
1908 7
1909 10
1910 7
1911 10
1912 7
1913 10
1914 10
1915 10
1916 0
1917 1
1918 10
1919 10
1920 10
1921 10
1922 10
1923 1
1924 10
1925 7
1926 10
1927 10
1928 10
1929 7
1930 5
1931 7
1932 1
1933 10
1934 10
1935 10
1936 1
1937 6
1938 10
1939 7
1940 0
1941 10
1942 7
1943 7
1944 10
1945 1
1946 1
1947 10
1948 5
1949 10
1950 10
1951 10
1952 1
1953 7
1954 10
1955 10
1956 10
1957 10
1958 10
1959 7
1960 10
1961 10
1962 10
1963 7
1964 10
1965 0
1966 10
1967 12
1968 10
1969 6
1970 10
1971 10
1972 3
1973 7
1974 10
1975 10
1976 10
1977 10
1978 10
1979 10
1980 4
1981 10
1982 12
1983 10
1984 7
1985 10
1986 7
1987 10
1988 7
1989 10
1990 7
1991 10
1992 5
1993 10
1994 10
1995 1
1996 7
1997 7
1998 10
1999 12
2000 10
2001 8
2002 10
2003 7
2004 7
2005 1
2006 1
2007 12
2008 3
2009 10
2010 10
2011 10
2012 5
2013 7
2014 10
2015 7
2016 7
2017 10
2018 10
2019 5
2020 3
2021 5
2022 7
2023 10
2024 6
2025 10
2026 10
2027 10
2028 10
2029 1
2030 7
2031 5
2032 10
2033 6
2034 10
2035 10
2036 5
2037 10
2038 1
2039 4
2040 5
2041 0
2042 3
2043 5
2044 10
2045 5
2046 5
2047 10
2048 7
2049 10
2050 5
2051 10
2052 12
2053 0
2054 10
2055 10
2056 10
2057 10
2058 10
2059 3
2060 10
2061 10
2062 3
2063 10
2064 7
2065 1
2066 10
2067 10
2068 10
2069 10
2070 1
2071 10
2072 12
2073 12
2074 1
2075 10
2076 10
2077 10
2078 7
2079 7
2080 1
2081 1
2082 10
2083 7
2084 7
2085 10
2086 12
2087 12
2088 10
2089 1
2090 5
2091 10
2092 0
2093 0
2094 10
2095 10
2096 12
2097 10
2098 10
2099 1
2100 3
2101 10
2102 10
2103 1
2104 10
2105 0
2106 10
2107 7
2108 10
2109 10
2110 10
2111 10
2112 10
2113 10
2114 10
2115 10
2116 10
2117 10
2118 10
2119 7
2120 10
2121 10
2122 12
2123 10
2124 6
2125 10
2126 10
2127 0
2128 7
2129 1
2130 1
2131 10
2132 0
2133 7
2134 10
2135 5
2136 10
2137 10
2138 7
2139 1
2140 7
2141 7
2142 10
2143 10
2144 10
2145 10
2146 1
2147 7
2148 10
2149 10
2150 10
2151 1
2152 10
2153 7
2154 10
2155 10
2156 10
2157 10
2158 10
2159 10
2160 10
2161 10
2162 0
2163 1
2164 7
2165 10
2166 10
2167 10
2168 10
2169 10
2170 10
2171 1
2172 10
2173 12
2174 10
2175 10
2176 10
2177 10
2178 10
2179 1
2180 10
2181 0
2182 7
2183 10
2184 7
2185 0
2186 10
2187 6
2188 7
2189 10
2190 1
2191 1
2192 1
2193 10
2194 10
2195 10
2196 10
2197 10
2198 10
2199 2
2200 10
2201 10
2202 7
2203 10
2204 10
2205 10
2206 10
2207 0
2208 1
2209 1
2210 10
2211 1
2212 10
2213 5
2214 10
2215 7
2216 10
2217 7
2218 10
2219 10
2220 0
2221 7
2222 1
2223 7
2224 12
2225 0
2226 10
2227 5
2228 2
2229 10
2230 10
2231 10
2232 10
2233 10
2234 10
2235 10
2236 7
2237 10
2238 7
2239 10
2240 7
2241 1
2242 5
2243 7
2244 12
2245 10
2246 7
2247 12
2248 10
2249 1
2250 10
2251 10
2252 10
2253 7
2254 10
2255 1
2256 7
2257 5
2258 10
2259 10
2260 10
2261 10
2262 7
2263 10
2264 7
2265 5
2266 10
2267 10
2268 10
2269 5
2270 10
2271 12
2272 10
2273 1
2274 7
2275 10
2276 1
2277 1
2278 5
2279 10
2280 1
2281 10
2282 3
2283 6
2284 1
2285 1
2286 10
2287 0
2288 10
2289 1
2290 10
2291 10
2292 1
2293 10
2294 10
2295 10
2296 10
2297 10
2298 10
2299 5
2300 10
2301 5
2302 12
2303 7
2304 7
2305 10
2306 10
2307 1
2308 10
2309 10
2310 10
2311 7
2312 10
2313 10
2314 7
2315 5
2316 0
2317 7
2318 0
2319 7
2320 10
2321 7
2322 7
2323 10
2324 7
2325 1
2326 10
2327 7
2328 10
2329 1
2330 7
2331 3
2332 10
2333 1
2334 1
2335 10
2336 10
2337 10
2338 10
2339 3
2340 0
2341 12
2342 10
2343 10
2344 10
2345 0
2346 10
2347 10
2348 10
2349 1
2350 7
2351 10
2352 1
2353 1
2354 10
2355 10
2356 10
2357 10
2358 7
2359 10
2360 10
2361 10
2362 10
2363 5
2364 3
2365 1
2366 10
2367 10
2368 1
2369 10
2370 10
2371 10
2372 7
2373 0
2374 0
2375 7
2376 10
2377 1
2378 10
2379 10
2380 10
2381 5
2382 10
2383 7
2384 10
2385 7
2386 12
2387 1
2388 10
2389 5
2390 5
2391 1
2392 10
2393 7
2394 10
2395 0
2396 0
2397 7
2398 1
2399 10
2400 10
2401 5
2402 10
2403 10
2404 1
2405 10
2406 10
2407 7
2408 6
2409 3
2410 10
2411 10
2412 3
2413 10
2414 10
2415 10
2416 10
2417 0
2418 7
2419 10
2420 0
2421 1
2422 0
2423 7
2424 1
2425 6
2426 5
2427 10
2428 10
2429 1
2430 10
2431 10
2432 10
2433 10
2434 10
2435 5
2436 1
2437 10
2438 10
2439 10
2440 7
2441 10
2442 5
2443 10
2444 1
2445 10
2446 10
2447 10
2448 10
2449 10
2450 10
2451 10
2452 3
2453 7
2454 0
2455 10
2456 10
2457 10
2458 10
2459 10
2460 10
2461 7
2462 7
2463 1
2464 7
2465 5
2466 10
2467 10
2468 5
2469 12
2470 7
2471 3
2472 10
2473 10
2474 1
2475 5
2476 12
2477 10
2478 7
2479 1
2480 10
2481 7
2482 10
2483 10
2484 6
2485 10
2486 10
2487 10
2488 10
2489 10
2490 10
2491 7
2492 10
2493 10
2494 10
2495 5
2496 7
2497 1
2498 10
2499 10
2500 10
2501 7
2502 7
2503 7
2504 10
2505 10
2506 10
2507 1
2508 3
2509 1
2510 10
2511 0
2512 7
2513 6
2514 5
2515 5
2516 1
2517 10
2518 1
2519 8
2520 10
2521 10
2522 10
2523 7
2524 1
2525 10
2526 0
2527 10
2528 10
2529 10
2530 0
2531 10
2532 10
2533 6
2534 10
2535 5
2536 10
2537 10
2538 7
2539 10
2540 0
2541 10
2542 10
2543 1
2544 10
2545 10
2546 10
2547 10
2548 10
2549 3
2550 1
2551 10
2552 10
2553 7
2554 10
2555 10
2556 1
2557 7
2558 10
2559 10
2560 7
2561 10
2562 5
2563 1
2564 10
2565 12
2566 5
2567 1
2568 10
2569 7
2570 5
2571 10
2572 10
2573 10
2574 5
2575 6
2576 0
2577 5
2578 7
2579 7
2580 10
2581 10
2582 10
2583 10
2584 1
2585 10
2586 1
2587 7
2588 10
2589 1
2590 10
2591 10
2592 10
2593 10
2594 3
2595 5
2596 10
2597 5
2598 10
2599 10
2600 1
2601 5
2602 10
2603 10
2604 10
2605 7
2606 10
2607 1
2608 10
2609 10
2610 10
2611 1
2612 5
2613 10
2614 10
2615 10
2616 10
2617 10
2618 5
2619 1
2620 7
2621 7
2622 7
2623 1
2624 3
2625 6
2626 7
2627 10
2628 12
2629 10
2630 10
2631 10
2632 8
2633 7
2634 10
2635 10
2636 10
2637 0
2638 10
2639 10
2640 12
2641 10
2642 10
2643 10
2644 10
2645 3
2646 10
2647 10
2648 7
2649 7
2650 7
2651 10
2652 7
2653 10
2654 10
2655 10
2656 10
2657 10
2658 1
2659 1
2660 7
2661 10
2662 10
2663 7
2664 10
2665 10
2666 7
2667 10
2668 10
2669 10
2670 7
2671 10
2672 12
2673 10
2674 10
2675 7
2676 10
2677 1
2678 10
2679 10
2680 10
2681 7
2682 1
2683 7
2684 1
2685 10
2686 10
2687 10
2688 7
2689 10
2690 10
2691 10
2692 10
2693 5
2694 1
2695 7
2696 10
2697 10
2698 7
2699 10
2700 10
2701 10
2702 10
2703 1
2704 7
2705 10
2706 10
2707 10
2708 10
2709 10
2710 3
2711 2
2712 5
2713 10
2714 7
2715 10
2716 10
2717 3
2718 10
2719 10
2720 6
2721 7
2722 3
2723 7
2724 10
2725 3
2726 1
2727 10
2728 7
2729 5
2730 10
2731 7
2732 10
2733 10
2734 5
2735 7
2736 5
2737 10
2738 12
2739 10
2740 10
2741 12
2742 10
2743 10
2744 10
2745 5
2746 0
2747 0
2748 10
2749 5
2750 10
2751 1
2752 10
2753 12
2754 5
2755 10
2756 10
2757 4
2758 5
2759 7
2760 10
2761 3
2762 10
2763 10
2764 10
2765 3
2766 0
2767 6
2768 6
2769 5
2770 10
2771 10
2772 10
2773 10
2774 10
2775 7
2776 10
2777 10
2778 3
2779 10
2780 7
2781 10
2782 10
2783 0
2784 4
2785 1
2786 1
2787 10
2788 7
2789 10
2790 1
2791 7
2792 1
2793 0
2794 5
2795 1
2796 7
2797 10
2798 10
2799 10
2800 5
2801 10
2802 10
2803 1
2804 12
2805 10
2806 10
2807 10
2808 7
2809 1
2810 10
2811 10
2812 12
2813 3
2814 7
2815 10
2816 7
2817 6
2818 10
2819 10
2820 10
2821 8
2822 10
2823 7
2824 1
2825 5
2826 10
2827 10
2828 10
2829 3
2830 10
2831 7
2832 0
2833 1
2834 7
2835 5
2836 10
2837 0
2838 1
2839 7
2840 10
2841 10
2842 7
2843 10
2844 5
2845 5
2846 0
2847 10
2848 10
2849 10
2850 10
2851 10
2852 7
2853 7
2854 10
2855 10
2856 10
2857 10
2858 10
2859 6
2860 10
2861 7
2862 10
2863 0
2864 1
2865 7
2866 10
2867 10
2868 1
2869 10
2870 1
2871 1
2872 10
2873 10
2874 7
2875 1
2876 6
2877 5
2878 10
2879 10
2880 10
2881 10
2882 10
2883 10
2884 10
2885 10
2886 10
2887 10
2888 10
2889 7
2890 10
2891 10
2892 10
2893 10
2894 5
2895 10
2896 10
2897 7
2898 5
2899 10
2900 0
2901 10
2902 7
2903 7
2904 10
2905 7
2906 7
2907 10
2908 1
2909 10
2910 3
2911 10
2912 7
2913 7
2914 10
2915 10
2916 0
2917 10
2918 10
2919 7
2920 10
2921 10
2922 10
2923 6
2924 5
2925 10
2926 10
2927 1
2928 10
2929 7
2930 1
2931 1
2932 1
2933 10
2934 7
2935 10
2936 10
2937 10
2938 10
2939 10
2940 3
2941 5
2942 1
2943 10
2944 7
2945 7
2946 10
2947 10
2948 10
2949 12
2950 10
2951 10
2952 1
2953 10
2954 7
2955 1
2956 7
2957 1
2958 3
2959 7
2960 5
2961 1
2962 10
2963 10
2964 10
2965 10
2966 7
2967 6
2968 5
2969 10
2970 10
2971 0
2972 10
2973 1
2974 10
2975 1
2976 10
2977 10
2978 10
2979 0
2980 7
2981 10
2982 10
2983 12
2984 10
2985 7
2986 5
2987 10
2988 10
2989 10
2990 10
2991 10
2992 10
2993 10
2994 1
2995 10
2996 10
2997 10
2998 10
2999 7
3000 7
3001 10
3002 12
3003 7
3004 10
3005 10
3006 10
3007 5
3008 6
3009 1
3010 7
3011 5
3012 1
3013 0
3014 0
3015 5
3016 10
3017 10
3018 10
3019 5
3020 10
3021 7
3022 7
3023 10
3024 12
3025 7
3026 10
3027 10
3028 10
3029 0
3030 10
3031 10
3032 7
3033 10
3034 7
3035 1
3036 10
3037 7
3038 10
3039 10
3040 7
3041 10
3042 7
3043 7
3044 10
3045 7
3046 10
3047 10
3048 0
3049 10
3050 10
3051 10
3052 1
3053 5
3054 10
3055 7
3056 10
3057 3
3058 6
3059 10
3060 7
3061 10
3062 7
3063 1
3064 5
3065 10
3066 7
3067 10
3068 10
3069 0
3070 7
3071 0
3072 10
3073 1
3074 10
3075 7
3076 1
3077 7
3078 5
3079 10
3080 7
3081 0
3082 5
3083 5
3084 1
3085 10
3086 7
3087 7
3088 1
3089 10
3090 10
3091 6
3092 10
3093 0
3094 10
3095 5
3096 10
3097 10
3098 7
3099 10
3100 10
3101 10
3102 3
3103 10
3104 5
3105 7
3106 10
3107 7
3108 1
3109 0
3110 5
3111 10
3112 10
3113 10
3114 1
3115 10
3116 1
3117 7
3118 1
3119 10
3120 7
3121 7
3122 1
3123 12
3124 0
3125 7
3126 1
3127 10
3128 7
3129 10
3130 7
3131 10
3132 10
3133 10
3134 5
3135 12
3136 10
3137 10
3138 3
3139 1
3140 10
3141 10
3142 5
3143 10
3144 10
3145 10
3146 7
3147 10
3148 10
3149 0
3150 5
3151 10
3152 10
3153 3
3154 10
3155 10
3156 10
3157 7
3158 10
3159 10
3160 0
3161 2
3162 10
3163 10
3164 0
3165 10
3166 10
3167 7
3168 10
3169 10
3170 0
3171 10
3172 12
3173 10
3174 10
3175 10
3176 7
3177 10
3178 10
3179 10
3180 10
3181 7
3182 10
3183 10
3184 10
3185 1
3186 10
3187 3
3188 10
3189 10
3190 10
3191 7
3192 10
3193 10
3194 10
3195 7
3196 5
3197 10
3198 10
3199 10
3200 10
3201 10
3202 10
3203 7
3204 10
3205 10
3206 12
3207 10
3208 10
3209 10
3210 10
3211 10
3212 10
3213 7
3214 1
3215 10
3216 10
3217 10
3218 7
3219 7
3220 10
3221 1
3222 1
3223 7
3224 10
3225 0
3226 12
3227 10
3228 10
3229 1
3230 10
3231 7
3232 0
3233 7
3234 0
3235 1
3236 10
3237 10
3238 7
3239 10
3240 7
3241 1
3242 10
3243 6
3244 10
3245 7
3246 5
3247 1
3248 10
3249 10
3250 7
3251 7
3252 10
3253 7
3254 10
3255 7
3256 10
3257 10
3258 2
3259 2
3260 10
3261 10
3262 10
3263 10
3264 10
3265 10
3266 7
3267 10
3268 10
3269 5
3270 1
3271 12
3272 3
3273 5
3274 7
3275 0
3276 10
3277 7
3278 1
3279 10
3280 5
3281 10
3282 10
3283 7
3284 10
3285 7
3286 0
3287 10
3288 7
3289 3
3290 1
3291 7
3292 10
3293 1
3294 7
3295 6
3296 5
3297 5
3298 12
3299 7
3300 10
3301 7
3302 10
3303 7
3304 10
3305 10
3306 3
3307 10
3308 1
3309 10
3310 7
3311 10
3312 12
3313 10
3314 10
3315 10
3316 10
3317 3
3318 6
3319 10
3320 1
3321 10
3322 1
3323 10
3324 10
3325 10
3326 10
3327 10
3328 12
3329 12
3330 12
3331 10
3332 10
3333 10
3334 10
3335 10
3336 10
3337 10
3338 10
3339 10
3340 10
3341 10
3342 10
3343 10
3344 10
3345 12
3346 10
3347 12
3348 10
3349 10
3350 1
3351 10
3352 7
3353 10
3354 10
3355 10
3356 7
3357 8
3358 0
3359 10
3360 10
3361 10
3362 10
3363 10
3364 10
3365 1
3366 1
3367 10
3368 1
3369 10
3370 10
3371 10
3372 2
3373 10
3374 10
3375 10
3376 10
3377 10
3378 10
3379 10
3380 10
3381 10
3382 7
3383 10
3384 10
3385 10
3386 10
3387 7
3388 12
3389 10
3390 2
3391 10
3392 10
3393 10
3394 10
3395 10
3396 10
3397 10
3398 10
3399 10
3400 7
3401 10
3402 10
3403 10
3404 10
3405 0
3406 2
3407 10
3408 7
3409 10
3410 7
3411 10
3412 7
3413 10
3414 10
3415 10
3416 3
3417 7
3418 0
3419 10
3420 10
3421 10
3422 10
3423 10
3424 0
3425 6
3426 10
3427 6
3428 10
3429 7
3430 10
3431 10
3432 7
3433 7
3434 7
3435 1
3436 10
3437 10
3438 12
3439 3
3440 10
3441 10
3442 10
3443 5
3444 10
3445 10
3446 0
3447 10
3448 7
3449 10
3450 7
3451 10
3452 7
3453 10
3454 10
3455 0
3456 10
3457 10
3458 5
3459 7
3460 10
3461 1
3462 10
3463 10
3464 7
3465 12
3466 10
3467 10
3468 10
3469 10
3470 10
3471 10
3472 10
3473 10
3474 6
3475 10
3476 10
3477 10
3478 1
3479 1
3480 10
3481 10
3482 10
3483 6
3484 10
3485 3
3486 10
3487 0
3488 7
3489 5
3490 10
3491 10
3492 10
3493 6
3494 10
3495 10
3496 0
3497 10
3498 10
3499 10
3500 1
3501 3
3502 10
3503 10
3504 10
3505 10
3506 10
3507 10
3508 10
3509 0
3510 10
3511 7
3512 7
3513 10
3514 10
3515 10
3516 10
3517 10
3518 10
3519 7
3520 10
3521 7
3522 10
3523 10
3524 10
3525 1
3526 10
3527 10
3528 10
3529 5
3530 7
3531 7
3532 10
3533 10
3534 0
3535 10
3536 12
3537 10
3538 10
3539 1
3540 10
3541 10
3542 7
3543 10
3544 0
3545 10
3546 3
3547 0
3548 10
3549 1
3550 10
3551 10
3552 5
3553 12
3554 10
3555 12
3556 10
3557 3
3558 10
3559 10
3560 10
3561 3
3562 10
3563 10
3564 10
3565 10
3566 10
3567 10
3568 10
3569 10
3570 7
3571 10
3572 5
3573 7
3574 10
3575 10
3576 10
3577 7
3578 10
3579 10
3580 10
3581 10
3582 10
3583 10
3584 10
3585 10
3586 10
3587 10
3588 10
3589 10
3590 5
3591 10
3592 10
3593 10
3594 10
3595 10
3596 1
3597 10
3598 10
3599 10
3600 6
3601 6
3602 1
3603 10
3604 10
3605 10
3606 10
3607 10
3608 10
3609 10
3610 1
3611 10
3612 10
3613 0
3614 10
3615 7
3616 10
3617 1
3618 10
3619 10
3620 10
3621 10
3622 7
3623 2
3624 0
3625 10
3626 10
3627 10
3628 7
3629 7
3630 10
3631 3
3632 7
3633 7
3634 10
3635 7
3636 10
3637 7
3638 10
3639 10
3640 7
3641 10
3642 10
3643 10
3644 6
3645 10
3646 0
3647 3
3648 10
3649 10
3650 12
3651 7
3652 10
3653 10
3654 10
3655 10
3656 7
3657 10
3658 10
3659 0
3660 10
3661 10
3662 7
3663 10
3664 6
3665 1
3666 10
3667 10
3668 10
3669 10
3670 7
3671 7
3672 10
3673 12
3674 1
3675 10
3676 10
3677 10
3678 1
3679 5
3680 12
3681 10
3682 10
3683 10
3684 12
3685 10
3686 10
3687 10
3688 10
3689 10
3690 10
3691 10
3692 6
3693 10
3694 10
3695 10
3696 10
3697 7
3698 3
3699 10
3700 10
3701 10
3702 10
3703 10
3704 10
3705 7
3706 10
3707 12
3708 5
3709 7
3710 10
3711 12
3712 10
3713 12
3714 10
3715 10
3716 10
3717 7
3718 10
3719 10
3720 1
3721 7
3722 10
3723 10
3724 10
3725 10
3726 10
3727 7
3728 10
3729 10
3730 10
3731 10
3732 10
3733 7
3734 7
3735 10
3736 10
3737 10
3738 10
3739 10
3740 10
3741 10
3742 7
3743 10
3744 12
3745 10
3746 10
3747 12
3748 7
3749 10
3750 1
3751 10
3752 10
3753 4
3754 10
3755 5
3756 1
3757 10
3758 0
3759 7
3760 12
3761 7
3762 10
3763 10
3764 10
3765 7
3766 10
3767 10
3768 10
3769 10
3770 7
3771 0
3772 10
3773 10
3774 12
3775 10
3776 10
3777 10
3778 2
3779 10
3780 7
3781 10
3782 12
3783 10
3784 10
3785 0
3786 3
3787 7
3788 10
3789 6
3790 7
3791 10
3792 10
3793 10
3794 0
3795 6
3796 7
3797 10
3798 0
3799 10
3800 7
3801 3
3802 10
3803 1
3804 7
3805 1
3806 1
3807 7
3808 10
3809 7
3810 10
3811 10
3812 10
3813 10
3814 10
3815 10
3816 10
3817 10
3818 12
3819 10
3820 10
3821 10
3822 10
3823 7
3824 10
3825 7
3826 3
3827 10
3828 10
3829 7
3830 10
3831 10
3832 10
3833 10
3834 10
3835 10
3836 12
3837 10
3838 7
3839 12
3840 10
3841 10
3842 1
3843 10
3844 7
3845 12
3846 10
3847 1
3848 10
3849 12
3850 10
3851 4
3852 10
3853 10
3854 6
3855 10
3856 10
3857 10
3858 10
3859 10
3860 7
3861 7
3862 10
3863 10
3864 7
3865 10
3866 10
3867 10
3868 10
3869 10
3870 10
3871 10
3872 10
3873 10
3874 10
3875 10
3876 12
3877 10
3878 10
3879 7
3880 7
3881 7
3882 7
3883 0
3884 0
3885 10
3886 10
3887 10
3888 10
3889 10
3890 7
3891 10
3892 1
3893 10
3894 10
3895 1
3896 10
3897 7
3898 3
3899 7
3900 5
3901 6
3902 10
3903 12
3904 10
3905 10
3906 5
3907 10
3908 7
3909 10
3910 10
3911 10
3912 0
3913 10
3914 10
3915 10
3916 10
3917 6
3918 10
3919 12
3920 10
3921 10
3922 10
3923 7
3924 10
3925 10
3926 6
3927 7
3928 7
3929 10
3930 12
3931 7
3932 0
3933 5
3934 10
3935 10
3936 10
3937 7
3938 10
3939 10
3940 10
3941 10
3942 1
3943 10
3944 10
3945 10
3946 10
3947 10
3948 7
3949 10
3950 5
3951 10
3952 10
3953 6
3954 1
3955 10
3956 10
3957 10
3958 10
3959 10
3960 3
3961 10
3962 8
3963 10
3964 0
3965 7
3966 0
3967 10
3968 10
3969 5
3970 10
3971 10
3972 7
3973 5
3974 10
3975 10
3976 0
3977 3
3978 10
3979 10
3980 7
3981 3
3982 3
3983 10
3984 7
3985 7
3986 3
3987 10
3988 10
3989 10
3990 1
3991 10
3992 10
3993 10
3994 10
3995 10
3996 10
3997 10
3998 10
3999 7
4000 10
4001 10
4002 7
4003 7
4004 10
4005 10
4006 10
4007 10
4008 7
4009 10
4010 3
4011 10
4012 10
4013 6
4014 10
4015 10
4016 3
4017 10
4018 10
4019 10
4020 10
4021 10
4022 7
4023 10
4024 10
4025 10
4026 0
4027 10
4028 10
4029 10
4030 10
4031 10
4032 10
4033 10
4034 7
4035 10
4036 10
4037 10
4038 10
4039 10
4040 7
4041 7
4042 7
4043 10
4044 7
4045 7
4046 10
4047 3
4048 10
4049 10
4050 12
4051 10
4052 2
4053 10
4054 10
4055 10
4056 10
4057 10
4058 10
4059 7
4060 10
4061 0
4062 7
4063 10
4064 10
4065 10
4066 7
4067 10
4068 7
4069 10
4070 12
4071 10
4072 7
4073 10
4074 7
4075 10
4076 10
4077 10
4078 10
4079 10
4080 10
4081 7
4082 10
4083 10
4084 10
4085 12
4086 6
4087 10
4088 7
4089 10
4090 10
4091 10
4092 10
4093 10
4094 10
4095 7
4096 7
4097 5
4098 10
4099 10
4100 10
4101 7
4102 10
4103 10
4104 6
4105 6
4106 10
4107 10
4108 5
4109 10
4110 10
4111 10
4112 10
4113 10
4114 10
4115 10
4116 10
4117 7
4118 12
4119 0
4120 7
4121 10
4122 6
4123 10
4124 10
4125 10
4126 10
4127 10
4128 7
4129 10
4130 10
4131 10
4132 10
4133 7
4134 10
4135 10
4136 10
4137 0
4138 7
4139 10
4140 7
4141 7
4142 10
4143 10
4144 3
4145 6
4146 10
4147 10
4148 10
4149 10
4150 10
4151 6
4152 10
4153 10
4154 7
4155 7
4156 10
4157 10
4158 10
4159 5
4160 10
4161 10
4162 10
4163 7
4164 7
4165 10
4166 6
4167 3
4168 10
4169 10
4170 10
4171 7
4172 7
4173 10
4174 1
4175 12
4176 10
4177 10
4178 10
4179 5
4180 10
4181 6
4182 10
4183 6
4184 7
4185 10
4186 10
4187 7
4188 10
4189 10
4190 10
4191 7
4192 10
4193 10
4194 10
4195 10
4196 7
4197 7
4198 12
4199 1
4200 10
4201 10
4202 10
4203 10
4204 10
4205 10
4206 7
4207 10
4208 10
4209 7
4210 10
4211 10
4212 10
4213 3
4214 10
4215 10
4216 10
4217 3
4218 10
4219 10
4220 10
4221 7
4222 0
4223 2
4224 10
4225 10
4226 7
4227 10
4228 7
4229 10
4230 10
4231 1
4232 1
4233 3
4234 10
4235 6
4236 10
4237 7
4238 10
4239 10
4240 10
4241 1
4242 7
4243 10
4244 10
4245 7
4246 10
4247 10
4248 10
4249 3
4250 10
4251 10
4252 10
4253 10
4254 10
4255 10
4256 10
4257 10
4258 10
4259 12
4260 10
4261 12
4262 10
4263 1
4264 12
4265 0
4266 10
4267 10
4268 10
4269 10
4270 3
4271 10
4272 12
4273 10
4274 10
4275 12
4276 10
4277 10
4278 10
4279 1
4280 10
4281 5
4282 10
4283 10
4284 12
4285 7
4286 10
4287 10
4288 10
4289 10
4290 10
4291 10
4292 7
4293 10
4294 10
4295 10
4296 10
4297 1
4298 7
4299 10
4300 7
4301 7
4302 10
4303 10
4304 10
4305 10
4306 10
4307 10
4308 10
4309 10
4310 10
4311 7
4312 12
4313 10
4314 1
4315 10
4316 10
4317 12
4318 10
4319 6
4320 5
4321 10
4322 1
4323 5
4324 10
4325 1
4326 10
4327 10
4328 10
4329 10
4330 10
4331 10
4332 10
4333 1
4334 10
4335 10
4336 7
4337 10
4338 10
4339 10
4340 10
4341 10
4342 0
4343 7
4344 1
4345 10
4346 10
4347 7
4348 10
4349 10
4350 10
4351 10
4352 1
4353 10
4354 10
4355 1
4356 7
4357 3
4358 10
4359 1
4360 10
4361 10
4362 7
4363 10
4364 10
4365 10
4366 1
4367 10
4368 7
4369 10
4370 10
4371 7
4372 5
4373 3
4374 7
4375 7
4376 10
4377 10
4378 10
4379 0
4380 1
4381 12
4382 10
4383 10
4384 10
4385 10
4386 10
4387 10
4388 10
4389 10
4390 10
4391 0
4392 0
4393 7
4394 12
4395 10
4396 10
4397 10
4398 10
4399 10
4400 10
4401 12
4402 7
4403 12
4404 3
4405 12
4406 1
4407 10
4408 3
4409 3
4410 4
4411 10
4412 10
4413 5
4414 1
4415 10
4416 3
4417 10
4418 10
4419 10
4420 10
4421 10
4422 10
4423 10
4424 10
4425 10
4426 10
4427 10
4428 1
4429 10
4430 10
4431 10
4432 10
4433 10
4434 10
4435 5
4436 10
4437 10
4438 10
4439 10
4440 10
4441 7
4442 10
4443 10
4444 10
4445 10
4446 10
4447 10
4448 7
4449 10
4450 10
4451 1
4452 10
4453 10
4454 2
4455 12
4456 10
4457 7
4458 10
4459 10
4460 10
4461 10
4462 0
4463 10
4464 10
4465 10
4466 10
4467 10
4468 10
4469 10
4470 7
4471 0
4472 10
4473 10
4474 10
4475 3
4476 7
4477 3
4478 10
4479 12
4480 12
4481 10
4482 1
4483 10
4484 3
4485 10
4486 10
4487 6
4488 10
4489 10
4490 10
4491 12
4492 10
4493 10
4494 1
4495 10
4496 7
4497 10
4498 10
4499 10
4500 12
4501 10
4502 0
4503 2
4504 10
4505 7
4506 1
4507 10
4508 10
4509 10
4510 10
4511 6
4512 10
4513 10
4514 10
4515 10
4516 10
4517 10
4518 0
4519 10
4520 12
4521 10
4522 10
4523 10
4524 10
4525 10
4526 7
4527 10
4528 10
4529 10
4530 10
4531 10
4532 7
4533 10
4534 7
4535 10
4536 10
4537 1
4538 7
4539 0
4540 10
4541 10
4542 10
4543 10
4544 7
4545 10
4546 12
4547 10
4548 0
4549 12
4550 10
4551 10
4552 7
4553 10
4554 10
4555 10
4556 10
4557 6
4558 5
4559 10
4560 10
4561 10
4562 10
4563 5
4564 10
4565 10
4566 1
4567 12
4568 1
4569 10
4570 10
4571 7
4572 10
4573 10
4574 10
4575 10
4576 10
4577 10
4578 10
4579 7
4580 10
4581 10
4582 10
4583 10
4584 10
4585 12
4586 10
4587 10
4588 10
4589 10
4590 10
4591 10
4592 10
4593 10
4594 7
4595 10
4596 1
4597 10
4598 10
4599 1
4600 7
4601 10
4602 10
4603 10
4604 10
4605 7
4606 10
4607 5
4608 10
4609 7
4610 1
4611 7
4612 10
4613 10
4614 0
4615 10
4616 7
4617 10
4618 0
4619 7
4620 7
4621 10
4622 10
4623 10
4624 10
4625 10
4626 10
4627 6
4628 10
4629 10
4630 10
4631 10
4632 10
4633 0
4634 7
4635 10
4636 10
4637 5
4638 6
4639 1
4640 10
4641 10
4642 7
4643 5
4644 10
4645 10
4646 10
4647 10
4648 7
4649 10
4650 10
4651 10
4652 10
4653 7
4654 10
4655 12
4656 10
4657 10
4658 10
4659 10
4660 12
4661 10
4662 10
4663 10
4664 10
4665 10
4666 10
4667 8
4668 5
4669 10
4670 10
4671 10
4672 7
4673 10
4674 10
4675 7
4676 12
4677 10
4678 7
4679 12
4680 10
4681 3
4682 10
4683 10
4684 10
4685 10
4686 7
4687 10
4688 10
4689 12
4690 10
4691 10
4692 10
4693 3
4694 10
4695 6
4696 10
4697 10
4698 0
4699 10
4700 7
4701 7
4702 10
4703 1
4704 10
4705 4
4706 7
4707 10
4708 10
4709 1
4710 10
4711 10
4712 10
4713 10
4714 10
4715 7
4716 3
4717 10
4718 10
4719 7
4720 10
4721 10
4722 10
4723 10
4724 10
4725 1
4726 10
4727 10
4728 10
4729 10
4730 10
4731 10
4732 0
4733 10
4734 0
4735 7
4736 10
4737 10
4738 10
4739 1
4740 10
4741 7
4742 10
4743 7
4744 7
4745 10
4746 7
4747 5
4748 1
4749 1
4750 10
4751 12
4752 5
4753 1
4754 10
4755 1
4756 10
4757 10
4758 10
4759 2
4760 10
4761 10
4762 10
4763 10
4764 10
4765 7
4766 10
4767 10
4768 10
4769 1
4770 10
4771 10
4772 10
4773 0
4774 10
4775 0
4776 10
4777 10
4778 1
4779 10
4780 10
4781 10
4782 1
4783 10
4784 10
4785 10
4786 10
4787 10
4788 0
4789 10
4790 10
4791 10
4792 10
4793 0
4794 10
4795 10
4796 7
4797 10
4798 10
4799 10
4800 10
4801 10
4802 10
4803 0
4804 10
4805 12
4806 10
4807 1
4808 6
4809 10
4810 7
4811 10
4812 10
4813 0
4814 3
4815 10
4816 10
4817 10
4818 10
4819 10
4820 10
4821 10
4822 11
4823 10
4824 10
4825 12
4826 10
4827 10
4828 10
4829 0
4830 12
4831 10
4832 10
4833 10
4834 7
4835 10
4836 10
4837 3
4838 10
4839 10
4840 10
4841 12
4842 10
4843 10
4844 10
4845 10
4846 10
4847 10
4848 10
4849 7
4850 10
4851 8
4852 10
4853 3
4854 5
4855 10
4856 7
4857 10
4858 10
4859 10
4860 10
4861 3
4862 5
4863 7
4864 1
4865 10
4866 10
4867 1
4868 10
4869 10
4870 10
4871 10
4872 10
4873 10
4874 10
4875 7
4876 10
4877 10
4878 1
4879 10
4880 10
4881 5
4882 10
4883 10
4884 7
4885 10
4886 1
4887 10
4888 6
4889 10
4890 1
4891 1
4892 7
4893 10
4894 10
4895 7
4896 10
4897 10
4898 10
4899 10
4900 10
4901 10
4902 12
4903 6
4904 6
4905 10
4906 10
4907 10
4908 10
4909 7
4910 7
4911 7
4912 10
4913 10
4914 7
4915 10
4916 10
4917 10
4918 10
4919 7
4920 11
4921 0
4922 3
4923 10
4924 10
4925 6
4926 10
4927 7
4928 10
4929 7
4930 7
4931 10
4932 1
4933 10
4934 10
4935 7
4936 10
4937 10
4938 10
4939 3
4940 10
4941 7
4942 1
4943 12
4944 3
4945 10
4946 7
4947 10
4948 10
4949 10
4950 10
4951 10
4952 0
4953 10
4954 10
4955 10
4956 10
4957 10
4958 10
4959 10
4960 10
4961 1
4962 10
4963 5
4964 10
4965 10
4966 7
4967 10
4968 10
4969 1
4970 10
4971 10
4972 10
4973 12
4974 12
4975 7
4976 10
4977 10
4978 10
4979 1
4980 10
4981 10
4982 10
4983 10
4984 10
4985 3
4986 10
4987 10
4988 7
4989 10
4990 10
4991 10
4992 10
4993 10
4994 10
4995 1
4996 7
4997 0
4998 10
4999 10
5000 10
5001 7
5002 10
5003 10
5004 10
5005 10
5006 10
5007 10
5008 10
5009 10
5010 10
5011 10
5012 1
5013 10
5014 10
5015 10
5016 10
5017 12
5018 10
5019 10
5020 10
5021 10
5022 10
5023 10
5024 10
5025 10
5026 10
5027 10
5028 5
5029 10
5030 0
5031 10
5032 10
5033 5
5034 7
5035 3
5036 10
5037 10
5038 7
5039 10
5040 10
5041 10
5042 10
5043 10
5044 10
5045 10
5046 10
5047 10
5048 10
5049 10
5050 10
5051 12
5052 10
5053 10
5054 3
5055 2
5056 10
5057 10
5058 1
5059 10
5060 10
5061 10
5062 10
5063 10
5064 10
5065 7
5066 10
5067 10
5068 10
5069 7
5070 7
5071 7
5072 10
5073 7
5074 10
5075 7
5076 10
5077 10
5078 1
5079 12
5080 1
5081 10
5082 10
5083 10
5084 10
5085 10
5086 10
5087 7
5088 10
5089 10
5090 10
5091 7
5092 10
5093 10
5094 10
5095 10
5096 10
5097 7
5098 10
5099 10
5100 10
5101 10
5102 10
5103 1
5104 10
5105 10
5106 10
5107 10
5108 7
5109 10
5110 3
5111 10
5112 12
5113 10
5114 10
5115 10
5116 10
5117 10
5118 0
5119 10
5120 7
5121 10
5122 10
5123 10
5124 10
5125 10
5126 10
5127 10
5128 10
5129 10
5130 10
5131 10
5132 10
5133 1
5134 10
5135 1
5136 10
5137 10
5138 10
5139 10
5140 3
5141 10
5142 10
5143 10
5144 10
5145 1
5146 10
5147 10
5148 10
5149 12
5150 3
5151 10
5152 1
5153 10
5154 1
5155 1
5156 10
5157 10
5158 10
5159 10
5160 10
5161 10
5162 10
5163 10
5164 10
5165 10
5166 10
5167 10
5168 12
5169 10
5170 7
5171 6
5172 7
5173 10
5174 10
5175 10
5176 7
5177 10
5178 10
5179 7
5180 10
5181 10
5182 10
5183 7
5184 10
5185 10
5186 1
5187 10
5188 10
5189 10
5190 10
5191 7
5192 10
5193 10
5194 10
5195 10
5196 7
5197 3
5198 7
5199 10
5200 10
5201 5
5202 10
5203 10
5204 10
5205 1
5206 7
5207 10
5208 6
5209 7
5210 10
5211 10
5212 1
5213 7
5214 0
5215 12
5216 10
5217 10
5218 10
5219 7
5220 2
5221 10
5222 7
5223 1
5224 7
5225 1
5226 10
5227 8
5228 0
5229 10
5230 5
5231 10
5232 7
5233 7
5234 10
5235 7
5236 7
5237 10
5238 7
5239 0
5240 10
5241 7
5242 10
5243 10
5244 10
5245 5
5246 7
5247 12
5248 10
5249 10
5250 3
5251 5
5252 10
5253 7
5254 10
5255 10
5256 1
5257 10
5258 10
5259 5
5260 7
5261 11
5262 3
5263 10
5264 0
5265 1
5266 7
5267 3
5268 10
5269 10
5270 0
5271 3
5272 7
5273 10
5274 7
5275 7
5276 10
5277 10
5278 0
5279 10
5280 7
5281 10
5282 10
5283 7
5284 10
5285 1
5286 1
5287 1
5288 7
5289 1
5290 1
5291 7
5292 0
5293 10
5294 10
5295 10
5296 10
5297 5
5298 0
5299 10
5300 10
5301 10
5302 10
5303 7
5304 10
5305 10
5306 10
5307 10
5308 10
5309 7
5310 7
5311 10
5312 10
5313 7
5314 10
5315 7
5316 10
5317 7
5318 7
5319 10
5320 10
5321 3
5322 10
5323 10
5324 5
5325 10
5326 7
5327 10
5328 10
5329 0
5330 10
5331 6
5332 12
5333 5
5334 7
5335 10
5336 5
5337 5
5338 10
5339 10
5340 10
5341 10
5342 10
5343 6
5344 3
5345 10
5346 10
5347 3
5348 7
5349 10
5350 12
5351 12
5352 10
5353 10
5354 7
5355 10
5356 10
5357 12
5358 10
5359 2
5360 10
5361 10
5362 10
5363 10
5364 10
5365 10
5366 10
5367 0
5368 10
5369 10
5370 10
5371 0
5372 10
5373 1
5374 10
5375 7
5376 10
5377 10
5378 3
5379 7
5380 10
5381 3
5382 10
5383 6
5384 10
5385 10
5386 10
5387 12
5388 7
5389 10
5390 10
5391 7
5392 0
5393 12
5394 10
5395 10
5396 7
5397 7
5398 10
5399 5
5400 3
5401 10
5402 10
5403 7
5404 7
5405 10
5406 1
5407 3
5408 7
5409 10
5410 10
5411 10
5412 10
5413 7
5414 7
5415 10
5416 10
5417 10
5418 10
5419 10
5420 7
5421 10
5422 10
5423 10
5424 2
5425 10
5426 10
5427 10
5428 10
5429 10
5430 7
5431 10
5432 12
5433 10
5434 10
5435 0
5436 7
5437 10
5438 6
5439 12
5440 10
5441 0
5442 10
5443 6
5444 10
5445 7
5446 7
5447 6
5448 10
5449 10
5450 10
5451 10
5452 10
5453 10
5454 10
5455 7
5456 10
5457 12
5458 10
5459 7
5460 10
5461 10
5462 12
5463 10
5464 10
5465 10
5466 10
5467 10
5468 7
5469 10
5470 10
5471 10
5472 10
5473 10
5474 10
5475 5
5476 10
5477 10
5478 10
5479 5
5480 10
5481 10
5482 6
5483 7
5484 0
5485 0
5486 7
5487 7
5488 6
5489 12
5490 10
5491 3
5492 7
5493 10
5494 7
5495 0
5496 10
5497 10
5498 10
5499 10
5500 10
5501 10
5502 10
5503 1
5504 10
5505 10
5506 10
5507 6
5508 3
5509 10
5510 10
5511 10
5512 10
5513 10
5514 7
5515 10
5516 10
5517 10
5518 7
5519 5
5520 7
5521 10
5522 10
5523 10
5524 7
5525 10
5526 10
5527 10
5528 10
5529 10
5530 1
5531 1
5532 7
5533 10
5534 10
5535 10
5536 10
5537 7
5538 10
5539 7
5540 7
5541 10
5542 10
5543 1
5544 10
5545 10
5546 10
5547 0
5548 12
5549 3
5550 10
5551 1
5552 10
5553 10
5554 7
5555 7
5556 5
5557 0
5558 7
5559 7
5560 12
5561 10
5562 10
5563 7
5564 7
5565 10
5566 10
5567 10
5568 10
5569 10
5570 12
5571 10
5572 1
5573 10
5574 6
5575 10
5576 10
5577 7
5578 10
5579 7
5580 10
5581 10
5582 10
5583 5
5584 10
5585 10
5586 11
5587 10
5588 10
5589 1
5590 10
5591 7
5592 10
5593 10
5594 10
5595 10
5596 7
5597 10
5598 7
5599 10
5600 7
5601 10
5602 10
5603 10
5604 10
5605 10
5606 10
5607 10
5608 12
5609 10
5610 10
5611 12
5612 10
5613 12
5614 7
5615 10
5616 10
5617 10
5618 10
5619 10
5620 7
5621 10
5622 10
5623 10
5624 1
5625 10
5626 10
5627 7
5628 10
5629 10
5630 0
5631 10
5632 10
5633 10
5634 7
5635 6
5636 7
5637 6
5638 10
5639 10
5640 7
5641 7
5642 3
5643 10
5644 10
5645 10
5646 10
5647 10
5648 10
5649 10
5650 10
5651 10
5652 10
5653 10
5654 10
5655 7
5656 10
5657 10
5658 10
5659 0
5660 10
5661 10
5662 10
5663 10
5664 10
5665 10
5666 10
5667 12
5668 7
5669 10
5670 10
5671 12
5672 10
5673 10
5674 6
5675 10
5676 0
5677 6
5678 10
5679 12
5680 10
5681 10
5682 10
5683 0
5684 7
5685 10
5686 10
5687 10
5688 10
5689 12
5690 3
5691 10
5692 10
5693 3
5694 10
5695 2
5696 7
5697 10
5698 7
5699 10
5700 10
5701 10
5702 10
5703 10
5704 12
5705 10
5706 10
5707 12
5708 10
5709 12
5710 10
5711 10
5712 10
5713 10
5714 10
5715 10
5716 7
5717 0
5718 10
5719 10
5720 10
5721 5
5722 10
5723 10
5724 12
5725 10
5726 10
5727 10
5728 0
5729 10
5730 12
5731 10
5732 10
5733 7
5734 7
5735 10
5736 10
5737 7
5738 7
5739 10
5740 10
5741 10
5742 7
5743 10
5744 8
5745 7
5746 0
5747 10
5748 10
5749 10
5750 12
5751 1
5752 12
5753 10
5754 7
5755 10
5756 10
5757 12
5758 12
5759 1
5760 12
5761 12
5762 10
5763 7
5764 10
5765 10
5766 3
5767 10
5768 0
5769 10
5770 7
5771 10
5772 10
5773 0
5774 1
5775 12
5776 10
5777 10
5778 10
5779 10
5780 3
5781 10
5782 10
5783 10
5784 10
5785 10
5786 10
5787 5
5788 1
5789 10
5790 10
5791 10
5792 10
5793 12
5794 0
5795 12
5796 10
5797 1
5798 10
5799 12
5800 0
5801 10
5802 10
5803 7
5804 10
5805 10
5806 10
5807 3
5808 10
5809 10
5810 10
5811 7
5812 10
5813 10
5814 3
5815 3
5816 3
5817 0
5818 10
5819 10
5820 7
5821 10
5822 1
5823 10
5824 10
5825 10
5826 7
5827 7
5828 10
5829 5
5830 10
5831 6
5832 10
5833 10
5834 10
5835 10
5836 10
5837 10
5838 10
5839 7
5840 10
5841 7
5842 10
5843 7
5844 10
5845 10
5846 1
5847 10
5848 10
5849 7
5850 5
5851 10
5852 7
5853 10
5854 7
5855 10
5856 12
5857 10
5858 10
5859 0
5860 10
5861 10
5862 7
5863 10
5864 10
5865 1
5866 7
5867 10
5868 10
5869 1
5870 12
5871 10
5872 10
5873 6
5874 10
5875 10
5876 10
5877 0
5878 7
5879 12
5880 10
5881 10
5882 10
5883 12
5884 7
5885 10
5886 10
5887 10
5888 10
5889 10
5890 12
5891 6
5892 10
5893 10
5894 10
5895 10
5896 10
5897 6
5898 10
5899 7
5900 10
5901 7
5902 10
5903 12
5904 7
5905 10
5906 6
5907 10
5908 7
5909 12
5910 0
5911 10
5912 10
5913 0
5914 12
5915 10
5916 1
5917 10
5918 10
5919 10
5920 7
5921 10
5922 10
5923 1
5924 12
5925 10
5926 7
5927 0
5928 7
5929 10
5930 10
5931 7
5932 10
5933 10
5934 1
5935 10
5936 10
5937 12
5938 10
5939 7
5940 10
5941 7
5942 10
5943 10
5944 12
5945 12
5946 7
5947 10
5948 10
5949 10
5950 10
5951 10
5952 0
5953 10
5954 10
5955 6
5956 10
5957 10
5958 5
5959 10
5960 1
5961 1
5962 10
5963 10
5964 7
5965 6
5966 10
5967 10
5968 0
5969 10
5970 7
5971 10
5972 10
5973 10
5974 10
5975 7
5976 10
5977 7
5978 0
5979 10
5980 10
5981 10
5982 3
5983 5
5984 10
5985 10
5986 7
5987 10
5988 7
5989 10
5990 0
5991 5
5992 7
5993 7
5994 5
5995 10
5996 10
5997 1
5998 10
5999 0
6000 10
6001 10
6002 10
6003 0
6004 10
6005 10
6006 10
6007 10
6008 5
6009 10
6010 10
6011 3
6012 10
6013 5
6014 7
6015 7
6016 7
6017 10
6018 12
6019 10
6020 10
6021 10
6022 12
6023 10
6024 10
6025 10
6026 10
6027 7
6028 2
6029 10
6030 10
6031 10
6032 1
6033 10
6034 7
6035 1
6036 3
6037 10
6038 10
6039 10
6040 10
6041 7
6042 7
6043 12
6044 10
6045 10
6046 7
6047 10
6048 10
6049 10
6050 7
6051 1
6052 1
6053 10
6054 0
6055 10
6056 7
6057 10
6058 10
6059 10
6060 10
6061 10
6062 10
6063 10
6064 1
6065 10
6066 10
6067 7
6068 12
6069 0
6070 10
6071 10
6072 10
6073 7
6074 7
6075 10
6076 10
6077 2
6078 3
6079 10
6080 1
6081 5
6082 10
6083 1
6084 10
6085 6
6086 10
6087 12
6088 7
6089 10
6090 7
6091 0
6092 10
6093 10
6094 10
6095 10
6096 0
6097 10
6098 10
6099 10
6100 1
6101 10
6102 7
6103 6
6104 0
6105 10
6106 10
6107 3
6108 10
6109 1
6110 10
6111 10
6112 10
6113 7
6114 10
6115 10
6116 10
6117 10
6118 10
6119 7
6120 7
6121 12
6122 10
6123 10
6124 7
6125 7
6126 10
6127 10
6128 12
6129 10
6130 1
6131 10
6132 10
6133 10
6134 10
6135 7
6136 10
6137 3
6138 10
6139 0
6140 10
6141 10
6142 10
6143 7
6144 10
6145 10
6146 10
6147 10
6148 10
6149 7
6150 10
6151 10
6152 10
6153 0
6154 10
6155 7
6156 10
6157 10
6158 7
6159 11
6160 10
6161 1
6162 6
6163 0
6164 3
6165 12
6166 10
6167 7
6168 10
6169 10
6170 10
6171 7
6172 12
6173 10
6174 7
6175 10
6176 10
6177 10
6178 10
6179 10
6180 7
6181 10
6182 7
6183 7
6184 7
6185 4
6186 1
6187 10
6188 0
6189 3
6190 10
6191 10
6192 12
6193 10
6194 10
6195 10
6196 10
6197 5
6198 12
6199 10
6200 10
6201 10
6202 10
6203 10
6204 10
6205 10
6206 10
6207 10
6208 10
6209 6
6210 10
6211 10
6212 10
6213 10
6214 10
6215 10
6216 5
6217 5
6218 7
6219 5
6220 7
6221 10
6222 7
6223 10
6224 12
6225 10
6226 10
6227 7
6228 10
6229 10
6230 7
6231 10
6232 3
6233 10
6234 10
6235 0
6236 5
6237 10
6238 10
6239 5
6240 10
6241 10
6242 1
6243 7
6244 10
6245 10
6246 10
6247 10
6248 10
6249 1
6250 10
6251 7
6252 10
6253 10
6254 7
6255 10
6256 10
6257 10
6258 10
6259 10
6260 7
6261 10
6262 0
6263 10
6264 10
6265 7
6266 10
6267 10
6268 7
6269 10
6270 10
6271 10
6272 12
6273 10
6274 3
6275 11
6276 10
6277 7
6278 6
6279 10
6280 10
6281 12
6282 0
6283 10
6284 10
6285 7
6286 0
6287 1
6288 7
6289 10
6290 7
6291 12
6292 3
6293 10
6294 10
6295 10
6296 10
6297 0
6298 12
6299 0
6300 10
6301 1
6302 1
6303 1
6304 7
6305 10
6306 7
6307 10
6308 10
6309 1
6310 10
6311 7
6312 10
6313 10
6314 10
6315 7
6316 12
6317 10
6318 10
6319 7
6320 7
6321 10
6322 7
6323 1
6324 10
6325 10
6326 10
6327 10
6328 10
6329 10
6330 10
6331 10
6332 10
6333 10
6334 10
6335 10
6336 10
6337 10
6338 10
6339 10
6340 10
6341 7
6342 12
6343 10
6344 10
6345 6
6346 10
6347 10
6348 10
6349 0
6350 10
6351 10
6352 10
6353 10
6354 10
6355 10
6356 12
6357 10
6358 10
6359 10
6360 10
6361 7
6362 10
6363 10
6364 7
6365 10
6366 10
6367 10
6368 10
6369 10
6370 7
6371 10
6372 10
6373 10
6374 10
6375 10
6376 10
6377 10
6378 1
6379 10
6380 10
6381 10
6382 7
6383 3
6384 10
6385 7
6386 10
6387 10
6388 7
6389 10
6390 10
6391 10
6392 10
6393 10
6394 10
6395 10
6396 10
6397 10
6398 10
6399 10
6400 10
6401 10
6402 3
6403 10
6404 10
6405 10
6406 10
6407 10
6408 10
6409 10
6410 3
6411 7
6412 10
6413 10
6414 10
6415 10
6416 7
6417 10
6418 10
6419 10
6420 0
6421 10
6422 10
6423 10
6424 10
6425 10
6426 10
6427 10
6428 10
6429 10
6430 10
6431 10
6432 7
6433 7
6434 10
6435 10
6436 7
6437 10
6438 10
6439 10
6440 10
6441 10
6442 12
6443 10
6444 10
6445 10
6446 10
6447 0
6448 10
6449 7
6450 10
6451 7
6452 10
6453 10
6454 10
6455 7
6456 10
6457 7
6458 0
6459 7
6460 10
6461 10
6462 10
6463 10
6464 10
6465 10
6466 10
6467 10
6468 10
6469 10
6470 10
6471 7
6472 10
6473 10
6474 7
6475 10
6476 5
6477 7
6478 10
6479 10
6480 10
6481 10
6482 10
6483 10
6484 10
6485 10
6486 10
6487 10
6488 10
6489 10
6490 10
6491 10
6492 7
6493 10
6494 12
6495 10
6496 10
6497 10
6498 10
6499 10
6500 10
6501 10
6502 10
6503 10
6504 0
6505 10
6506 10
6507 10
6508 7
6509 10
6510 10
6511 10
6512 10
6513 10
6514 10
6515 7
6516 10
6517 10
6518 7
6519 10
6520 5
6521 10
6522 10
6523 10
6524 10
6525 10
6526 10
6527 7
6528 7
6529 10
6530 10
6531 10
6532 10
6533 5
6534 10
6535 10
6536 10
6537 10
6538 10
6539 10
6540 10
6541 10
6542 10
6543 7
6544 10
6545 10
6546 10
6547 10
6548 10
6549 10
6550 7
6551 10
6552 10
6553 10
6554 10
6555 5
6556 7
6557 10
6558 10
6559 10
6560 10
6561 10
6562 5
6563 10
6564 7
6565 10
6566 7
6567 7
6568 10
6569 10
6570 10
6571 6
6572 12
6573 7
6574 10
6575 10
6576 10
6577 7
6578 10
6579 10
6580 10
6581 10
6582 0
6583 7
6584 10
6585 3
6586 10
6587 10
6588 10
6589 10
6590 10
6591 10
6592 10
6593 10
6594 10
6595 7
6596 10
6597 10
6598 10
6599 10
6600 0
6601 0
6602 10
6603 5
6604 3
6605 7
6606 10
6607 10
6608 10
6609 10
6610 10
6611 7
6612 10
6613 10
6614 10
6615 7
6616 7
6617 10
6618 7
6619 10
6620 10
6621 10
6622 10
6623 10
6624 0
6625 10
6626 10
6627 5
6628 10
6629 10
6630 7
6631 12
6632 10
6633 10
6634 10
6635 7
6636 10
6637 7
6638 7
6639 10
6640 10
6641 5
6642 7
6643 10
6644 7
6645 10
6646 7
6647 10
6648 10
6649 10
6650 10
6651 7
6652 10
6653 10
6654 0
6655 10
6656 10
6657 1
6658 7
6659 10
6660 10
6661 10
6662 10
6663 7
6664 10
6665 12
6666 12
6667 7
6668 10
6669 7
6670 10
6671 10
6672 7
6673 10
6674 1
6675 7
6676 10
6677 10
6678 7
6679 7
6680 7
6681 10
6682 10
6683 10
6684 10
6685 10
6686 3
6687 12
6688 10
6689 5
6690 10
6691 10
6692 10
6693 10
6694 2
6695 7
6696 10
6697 7
6698 10
6699 10
6700 10
6701 7
6702 10
6703 10
6704 6
6705 12
6706 10
6707 10
6708 10
6709 7
6710 10
6711 7
6712 7
6713 10
6714 10
6715 7
6716 10
6717 7
6718 7
6719 10
6720 3
6721 7
6722 7
6723 10
6724 10
6725 10
6726 10
6727 7
6728 10
6729 10
6730 7
6731 10
6732 10
6733 10
6734 10
6735 10
6736 10
6737 7
6738 10
6739 10
6740 12
6741 10
6742 7
6743 10
6744 10
6745 10
6746 7
6747 10
6748 10
6749 0
6750 10
6751 10
6752 10
6753 10
6754 10
6755 10
6756 7
6757 10
6758 7
6759 10
6760 10
6761 10
6762 10
6763 7
6764 10
6765 7
6766 10
6767 10
6768 7
6769 10
6770 10
6771 7
6772 10
6773 10
6774 10
6775 12
6776 7
6777 7
6778 7
6779 10
6780 10
6781 10
6782 10
6783 10
6784 10
6785 10
6786 10
6787 7
6788 10
6789 7
6790 0
6791 10
6792 10
6793 10
6794 7
6795 10
6796 10
6797 1
6798 10
6799 10
6800 10
6801 10
6802 10
6803 10
6804 0
6805 10
6806 10
6807 10
6808 10
6809 10
6810 10
6811 10
6812 10
6813 7
6814 10
6815 10
6816 7
6817 0
6818 10
6819 7
6820 10
6821 7
6822 7
6823 10
6824 12
6825 10
6826 10
6827 10
6828 10
6829 12
6830 10
6831 7
6832 7
6833 10
6834 7
6835 12
6836 7
6837 10
6838 10
6839 7
6840 10
6841 5
6842 10
6843 7
6844 10
6845 10
6846 10
6847 10
6848 7
6849 10
6850 10
6851 10
6852 10
6853 10
6854 10
6855 10
6856 10
6857 7
6858 0
6859 3
6860 3
6861 7
6862 7
6863 0
6864 0
6865 10
6866 10
6867 10
6868 10
6869 10
6870 7
6871 10
6872 10
6873 10
6874 10
6875 10
6876 5
6877 0
6878 10
6879 10
6880 10
6881 10
6882 10
6883 10
6884 10
6885 10
6886 10
6887 10
6888 10
6889 6
6890 10
6891 10
6892 10
6893 10
6894 10
6895 0
6896 10
6897 10
6898 10
6899 12
6900 10
6901 12
6902 10
6903 10
6904 10
6905 10
6906 10
6907 10
6908 10
6909 7
6910 7
6911 10
6912 10
6913 7
6914 10
6915 0
6916 10
6917 10
6918 5
6919 10
6920 7
6921 7
6922 5
6923 10
6924 10
6925 10
6926 10
6927 7
6928 5
6929 10
6930 10
6931 10
6932 10
6933 10
6934 10
6935 10
6936 10
6937 7
6938 10
6939 7
6940 1
6941 10
6942 10
6943 10
6944 2
6945 10
6946 10
6947 10
6948 10
6949 10
6950 10
6951 10
6952 10
6953 5
6954 10
6955 10
6956 10
6957 10
6958 10
6959 10
6960 10
6961 10
6962 5
6963 10
6964 10
6965 10
6966 10
6967 10
6968 10
6969 7
6970 10
6971 10
6972 12
6973 10
6974 10
6975 3
6976 10
6977 10
6978 10
6979 10
6980 10
6981 10
6982 10
6983 10
6984 10
6985 7
6986 10
6987 7
6988 10
6989 10
6990 10
6991 10
6992 7
6993 10
6994 10
6995 0
6996 7
6997 0
6998 10
6999 10
7000 3
7001 10
7002 10
7003 7
7004 10
7005 7
7006 1
7007 7
7008 10
7009 10
7010 7
7011 5
7012 10
7013 7
7014 10
7015 10
7016 10
7017 10
7018 10
7019 10
7020 10
7021 0
7022 10
7023 10
7024 6
7025 10
7026 10
7027 7
7028 12
7029 10
7030 6
7031 10
7032 10
7033 0
7034 10
7035 10
7036 7
7037 10
7038 10
7039 10
7040 10
7041 7
7042 7
7043 11
7044 10
7045 7
7046 10
7047 10
7048 10
7049 1
7050 10
7051 7
7052 10
7053 10
7054 10
7055 7
7056 10
7057 10
7058 10
7059 10
7060 6
7061 10
7062 10
7063 10
7064 7
7065 10
7066 0
7067 10
7068 10
7069 10
7070 10
7071 10
7072 10
7073 10
7074 7
7075 10
7076 10
7077 10
7078 10
7079 1
7080 10
7081 10
7082 7
7083 10
7084 10
7085 10
7086 7
7087 10
7088 7
7089 10
7090 10
7091 10
7092 10
7093 7
7094 10
7095 10
7096 7
7097 7
7098 2
7099 10
7100 10
7101 10
7102 10
7103 10
7104 10
7105 10
7106 10
7107 10
7108 10
7109 10
7110 10
7111 10
7112 10
7113 10
7114 10
7115 10
7116 10
7117 10
7118 10
7119 10
7120 7
7121 10
7122 10
7123 10
7124 10
7125 10
7126 10
7127 7
7128 5
7129 10
7130 10
7131 10
7132 10
7133 10
7134 10
7135 10
7136 10
7137 10
7138 10
7139 10
7140 0
7141 5
7142 10
7143 7
7144 10
7145 10
7146 10
7147 7
7148 7
7149 7
7150 10
7151 1
7152 7
7153 7
7154 10
7155 5
7156 10
7157 10
7158 7
7159 7
7160 7
7161 7
7162 10
7163 10
7164 10
7165 10
7166 10
7167 10
7168 10
7169 10
7170 7
7171 10
7172 10
7173 10
7174 10
7175 10
7176 10
7177 10
7178 10
7179 10
7180 10
7181 10
7182 10
7183 10
7184 10
7185 10
7186 10
7187 10
7188 10
7189 7
7190 10
7191 10
7192 7
7193 7
7194 7
7195 10
7196 10
7197 10
7198 10
7199 10
7200 7
7201 10
7202 10
7203 10
7204 10
7205 10
7206 10
7207 10
7208 10
7209 10
7210 12
7211 10
7212 7
7213 10
7214 10
7215 10
7216 1
7217 10
7218 6
7219 10
7220 10
7221 10
7222 10
7223 7
7224 7
7225 10
7226 10
7227 10
7228 10
7229 10
7230 7
7231 10
7232 7
7233 10
7234 10
7235 10
7236 10
7237 10
7238 10
7239 6
7240 10
7241 10
7242 10
7243 12
7244 7
7245 7
7246 3
7247 10
7248 10
7249 7
7250 10
7251 10
7252 10
7253 10
7254 10
7255 10
7256 10
7257 10
7258 10
7259 10
7260 10
7261 7
7262 10
7263 7
7264 10
7265 7
7266 10
7267 3
7268 10
7269 10
7270 12
7271 10
7272 5
7273 10
7274 10
7275 10
7276 10
7277 10
7278 10
7279 7
7280 10
7281 10
7282 10
7283 10
7284 10
7285 10
7286 10
7287 10
7288 10
7289 10
7290 10
7291 3
7292 10
7293 10
7294 10
7295 10
7296 10
7297 10
7298 10
7299 10
7300 10
7301 10
7302 10
7303 10
7304 7
7305 7
7306 10
7307 10
7308 10
7309 10
7310 10
7311 7
7312 3
7313 3
7314 10
7315 10
7316 10
7317 1
7318 10
7319 10
7320 10
7321 10
7322 10
7323 3
7324 10
7325 7
7326 10
7327 6
7328 10
7329 12
7330 10
7331 7
7332 7
7333 10
7334 10
7335 10
7336 10
7337 7
7338 10
7339 10
7340 7
7341 7
7342 7
7343 10
7344 10
7345 7
7346 12
7347 7
7348 7
7349 10
7350 10
7351 2
7352 7
7353 12
7354 10
7355 10
7356 3
7357 10
7358 7
7359 10
7360 10
7361 10
7362 10
7363 7
7364 10
7365 10
7366 7
7367 2
7368 10
7369 10
7370 10
7371 10
7372 10
7373 10
7374 7
7375 10
7376 10
7377 10
7378 5
7379 10
7380 10
7381 10
7382 7
7383 10
7384 10
7385 10
7386 10
7387 10
7388 10
7389 10
7390 10
7391 7
7392 10
7393 10
7394 7
7395 10
7396 7
7397 7
7398 10
7399 7
7400 5
7401 10
7402 7
7403 10
7404 10
7405 5
7406 10
7407 3
7408 10
7409 10
7410 10
7411 10
7412 10
7413 10
7414 10
7415 10
7416 10
7417 10
7418 10
7419 10
7420 10
7421 10
7422 10
7423 10
7424 10
7425 7
7426 10
7427 10
7428 10
7429 10
7430 10
7431 10
7432 2
7433 7
7434 0
7435 1
7436 10
7437 3
7438 3
7439 10
7440 10
7441 3
7442 2
7443 5
7444 10
7445 1
7446 10
7447 10
7448 1
7449 5
7450 10
7451 5
7452 10
7453 10
7454 10
7455 10
7456 10
7457 7
7458 7
7459 3
7460 1
7461 10
7462 10
7463 0
7464 10
7465 10
7466 7
7467 12
7468 7
7469 0
7470 10
7471 12
7472 10
7473 7
7474 7
7475 10
7476 7
7477 0
7478 10
7479 10
7480 10
7481 7
7482 0
7483 10
7484 7
7485 5
7486 10
7487 12
7488 1
7489 3
7490 10
7491 7
7492 7
7493 5
7494 7
7495 7
7496 10
7497 10
7498 1
7499 3
7500 3
7501 10
7502 10
7503 7
7504 7
7505 1
7506 7
7507 10
7508 10
7509 7
7510 3
7511 10
7512 5
7513 6
7514 10
7515 10
7516 10
7517 10
7518 12
7519 7
7520 7
7521 10
7522 7
7523 5
7524 3
7525 10
7526 7
7527 10
7528 10
7529 4
7530 10
7531 6
7532 7
7533 10
7534 1
7535 5
7536 7
7537 7
7538 3
7539 7
7540 10
7541 10
7542 10
7543 10
7544 7
7545 10
7546 7
7547 10
7548 3
7549 10
7550 10
7551 10
7552 10
7553 10
7554 10
7555 7
7556 0
7557 10
7558 10
7559 10
7560 10
7561 7
7562 10
7563 10
7564 2
7565 1
7566 7
7567 6
7568 1
7569 7
7570 10
7571 7
7572 10
7573 3
7574 10
7575 10
7576 10
7577 7
7578 5
7579 10
7580 10
7581 3
7582 1
7583 12
7584 10
7585 7
7586 10
7587 10
7588 10
7589 10
7590 7
7591 3
7592 7
7593 10
7594 10
7595 10
7596 12
7597 10
7598 10
7599 7
7600 10
7601 0
7602 7
7603 10
7604 7
7605 5
7606 7
7607 7
7608 10
7609 10
7610 7
7611 10
7612 0
7613 6
7614 10
7615 7
7616 10
7617 3
7618 10
7619 10
7620 12
7621 10
7622 3
7623 10
7624 10
7625 10
7626 7
7627 10
7628 10
7629 7
7630 5
7631 3
7632 3
7633 10
7634 10
7635 7
7636 10
7637 12
7638 0
7639 10
7640 10
7641 1
7642 7
7643 1
7644 5
7645 3
7646 10
7647 10
7648 2
7649 7
7650 10
7651 6
7652 10
7653 10
7654 10
7655 10
7656 3
7657 5
7658 7
7659 7
7660 7
7661 10
7662 1
7663 10
7664 10
7665 10
7666 10
7667 3
7668 3
7669 10
7670 10
7671 5
7672 12
7673 12
7674 10
7675 7
7676 1
7677 12
7678 7
7679 10
7680 5
7681 0
7682 12
7683 10
7684 0
7685 0
7686 1
7687 6
7688 1
7689 10
7690 10
7691 5
7692 7
7693 7
7694 10
7695 10
7696 7
7697 6
7698 10
7699 5
7700 7
7701 1
7702 10
7703 10
7704 6
7705 10
7706 3
7707 7
7708 10
7709 0
7710 1
7711 10
7712 10
7713 7
7714 10
7715 7
7716 0
7717 10
7718 2
7719 0
7720 10
7721 10
7722 10
7723 3
7724 10
7725 6
7726 10
7727 10
7728 10
7729 10
7730 7
7731 10
7732 10
7733 1
7734 10
7735 10
7736 7
7737 10
7738 6
7739 7
7740 5
7741 7
7742 7
7743 7
7744 6
7745 7
7746 10
7747 10
7748 10
7749 0
7750 10
7751 5
7752 10
7753 3
7754 10
7755 3
7756 6
7757 10
7758 7
7759 1
7760 10
7761 7
7762 12
7763 7
7764 12
7765 0
7766 10
7767 7
7768 0
7769 0
7770 7
7771 10
7772 5
7773 10
7774 10
7775 7
7776 10
7777 10
7778 1
7779 10
7780 0
7781 0
7782 0
7783 7
7784 7
7785 10
7786 10
7787 10
7788 12
7789 10
7790 3
7791 10
7792 10
7793 7
7794 12
7795 7
7796 0
7797 10
7798 1
7799 10
7800 10
7801 10
7802 10
7803 2
7804 10
7805 8
7806 7
7807 10
7808 7
7809 10
7810 7
7811 7
7812 10
7813 5
7814 12
7815 0
7816 5
7817 10
7818 5
7819 10
7820 5
7821 10
7822 10
7823 10
7824 10
7825 1
7826 7
7827 10
7828 12
7829 1
7830 1
7831 7
7832 6
7833 10
7834 7
7835 10
7836 11
7837 5
7838 7
7839 10
7840 10
7841 12
7842 1
7843 5
7844 10
7845 10
7846 10
7847 10
7848 10
7849 10
7850 6
7851 7
7852 7
7853 6
7854 7
7855 10
7856 5
7857 10
7858 5
7859 0
7860 10
7861 10
7862 3
7863 7
7864 0
7865 10
7866 10
7867 7
7868 0
7869 10
7870 5
7871 10
7872 3
7873 1
7874 7
7875 5
7876 6
7877 10
7878 1
7879 3
7880 3
7881 12
7882 10
7883 10
7884 10
7885 10
7886 10
7887 5
7888 10
7889 7
7890 5
7891 10
7892 3
7893 10
7894 10
7895 10
7896 12
7897 1
7898 10
7899 10
7900 1
7901 10
7902 10
7903 10
7904 12
7905 10
7906 10
7907 7
7908 12
7909 3
7910 1
7911 10
7912 7
7913 10
7914 3
7915 10
7916 3
7917 10
7918 7
7919 10
7920 10
7921 3
7922 7
7923 10
7924 10
7925 7
7926 12
7927 0
7928 7
7929 10
7930 10
7931 10
7932 2
7933 5
7934 5
7935 0
7936 12
7937 7
7938 7
7939 10
7940 10
7941 5
7942 7
7943 10
7944 7
7945 7
7946 7
7947 3
7948 10
7949 12
7950 12
7951 7
7952 10
7953 10
7954 10
7955 10
7956 3
7957 0
7958 10
7959 10
7960 10
7961 3
7962 5
7963 6
7964 10
7965 1
7966 10
7967 10
7968 10
7969 7
7970 12
7971 10
7972 0
7973 7
7974 10
7975 12
7976 10
7977 7
7978 7
7979 7
7980 10
7981 10
7982 10
7983 10
7984 1
7985 10
7986 10
7987 10
7988 7
7989 10
7990 3
7991 7
7992 10
7993 1
7994 5
7995 12
7996 7
7997 10
7998 7
7999 10
8000 7
8001 7
8002 10
8003 10
8004 7
8005 10
8006 10
8007 1
8008 10
8009 10
8010 0
8011 3
8012 1
8013 7
8014 0
8015 5
8016 10
8017 10
8018 10
8019 10
8020 10
8021 1
8022 1
8023 12
8024 7
8025 10
8026 7
8027 10
8028 0
8029 6
8030 7
8031 9
8032 12
8033 10
8034 10
8035 10
8036 10
8037 7
8038 12
8039 12
8040 7
8041 10
8042 4
8043 7
8044 10
8045 10
8046 10
8047 10
8048 7
8049 7
8050 7
8051 6
8052 10
8053 12
8054 8
8055 10
8056 0
8057 10
8058 7
8059 0
8060 12
8061 7
8062 5
8063 7
8064 10
8065 12
8066 3
8067 3
8068 10
8069 7
8070 10
8071 10
8072 7
8073 10
8074 7
8075 7
8076 7
8077 10
8078 3
8079 10
8080 7
8081 5
8082 10
8083 10
8084 0
8085 7
8086 10
8087 1
8088 1
8089 10
8090 7
8091 10
8092 10
8093 0
8094 10
8095 10
8096 10
8097 10
8098 10
8099 3
8100 7
8101 10
8102 7
8103 10
8104 10
8105 10
8106 10
8107 3
8108 10
8109 0
8110 3
8111 10
8112 10
8113 10
8114 10
8115 7
8116 10
8117 10
8118 3
8119 10
8120 10
8121 10
8122 10
8123 12
8124 7
8125 7
8126 7
8127 10
8128 0
8129 6
8130 10
8131 10
8132 10
8133 10
8134 7
8135 10
8136 10
8137 10
8138 7
8139 5
8140 7
8141 10
8142 10
8143 1
8144 10
8145 10
8146 10
8147 12
8148 10
8149 0
8150 6
8151 10
8152 3
8153 10
8154 0
8155 10
8156 10
8157 10
8158 10
8159 10
8160 7
8161 3
8162 10
8163 10
8164 0
8165 7
8166 1
8167 7
8168 10
8169 5
8170 3
8171 10
8172 10
8173 1
8174 10
8175 12
8176 10
8177 10
8178 10
8179 10
8180 10
8181 10
8182 7
8183 7
8184 10
8185 10
8186 0
8187 10
8188 7
8189 3
8190 10
8191 12
8192 1
8193 0
8194 7
8195 12
8196 3
8197 6
8198 10
8199 1
8200 10
8201 10
8202 10
8203 10
8204 10
8205 10
8206 10
8207 3
8208 12
8209 10
8210 6
8211 10
8212 10
8213 7
8214 0
8215 10
8216 10
8217 7
8218 10
8219 10
8220 10
8221 6
8222 10
8223 10
8224 10
8225 1
8226 0
8227 7
8228 12
8229 7
8230 2
8231 1
8232 7
8233 10
8234 10
8235 7
8236 10
8237 7
8238 4
8239 10
8240 5
8241 10
8242 10
8243 10
8244 7
8245 10
8246 3
8247 7
8248 7
8249 10
8250 10
8251 0
8252 7
8253 7
8254 1
8255 10
8256 10
8257 3
8258 1
8259 7
8260 7
8261 10
8262 10
8263 10
8264 6
8265 10
8266 10
8267 0
8268 7
8269 3
8270 1
8271 10
8272 10
8273 1
8274 7
8275 7
8276 10
8277 7
8278 7
8279 7
8280 10
8281 10
8282 7
8283 10
8284 10
8285 10
8286 7
8287 0
8288 10
8289 10
8290 1
8291 7
8292 10
8293 10
8294 7
8295 10
8296 7
8297 7
8298 10
8299 1
8300 1
8301 10
8302 7
8303 10
8304 10
8305 10
8306 6
8307 3
8308 10
8309 7
8310 10
8311 10
8312 7
8313 10
8314 10
8315 7
8316 10
8317 10
8318 1
8319 7
8320 11
8321 0
8322 10
8323 7
8324 10
8325 10
8326 10
8327 7
8328 10
8329 10
8330 10
8331 10
8332 7
8333 10
8334 0
8335 10
8336 10
8337 7
8338 7
8339 12
8340 10
8341 12
8342 10
8343 1
8344 10
8345 7
8346 10
8347 7
8348 10
8349 10
8350 1
8351 10
8352 10
8353 7
8354 10
8355 10
8356 10
8357 10
8358 10
8359 10
8360 0
8361 1
8362 7
8363 10
8364 10
8365 10
8366 7
8367 5
8368 10
8369 7
8370 7
8371 7
8372 7
8373 0
8374 7
8375 10
8376 5
8377 10
8378 10
8379 10
8380 7
8381 3
8382 1
8383 10
8384 12
8385 7
8386 10
8387 7
8388 10
8389 1
8390 5
8391 10
8392 5
8393 7
8394 12
8395 0
8396 7
8397 12
8398 7
8399 7
8400 10
8401 10
8402 10
8403 10
8404 0
8405 7
8406 7
8407 7
8408 7
8409 5
8410 7
8411 10
8412 7
8413 10
8414 5
8415 1
8416 10
8417 0
8418 10
8419 10
8420 10
8421 7
8422 0
8423 10
8424 12
8425 10
8426 10
8427 4
8428 10
8429 5
8430 12
8431 10
8432 6
8433 7
8434 3
8435 3
8436 7
8437 10
8438 2
8439 10
8440 10
8441 10
8442 10
8443 7
8444 7
8445 10
8446 1
8447 10
8448 10
8449 6
8450 10
8451 5
8452 10
8453 1
8454 0
8455 7
8456 10
8457 10
8458 10
8459 10
8460 10
8461 7
8462 7
8463 10
8464 5
8465 7
8466 3
8467 10
8468 10
8469 7
8470 3
8471 10
8472 7
8473 10
8474 0
8475 1
8476 6
8477 7
8478 0
8479 12
8480 7
8481 7
8482 10
8483 5
8484 10
8485 7
8486 7
8487 10
8488 10
8489 7
8490 7
8491 10
8492 12
8493 7
8494 0
8495 10
8496 10
8497 3
8498 10
8499 10
8500 3
8501 10
8502 10
8503 10
8504 10
8505 10
8506 6
8507 10
8508 7
8509 10
8510 7
8511 10
8512 7
8513 7
8514 10
8515 10
8516 10
8517 3
8518 6
8519 7
8520 7
8521 8
8522 7
8523 0
8524 1
8525 7
8526 0
8527 3
8528 3
8529 10
8530 7
8531 7
8532 3
8533 10
8534 10
8535 10
8536 10
8537 5
8538 10
8539 10
8540 10
8541 10
8542 2
8543 7
8544 7
8545 1
8546 7
8547 10
8548 10
8549 7
8550 0
8551 10
8552 12
8553 7
8554 5
8555 4
8556 10
8557 1
8558 10
8559 7
8560 10
8561 7
8562 10
8563 12
8564 7
8565 10
8566 10
8567 12
8568 7
8569 1
8570 10
8571 10
8572 10
8573 4
8574 7
8575 10
8576 10
8577 10
8578 10
8579 3
8580 10
8581 0
8582 7
8583 10
8584 10
8585 7
8586 7
8587 10
8588 0
8589 10
8590 7
8591 10
8592 10
8593 7
8594 10
8595 7
8596 12
8597 10
8598 7
8599 12
8600 12
8601 10
8602 5
8603 10
8604 6
8605 7
8606 10
8607 12
8608 10
8609 10
8610 10
8611 10
8612 5
8613 7
8614 10
8615 12
8616 10
8617 10
8618 6
8619 10
8620 10
8621 10
8622 10
8623 7
8624 7
8625 1
8626 10
8627 10
8628 12
8629 7
8630 0
8631 10
8632 6
8633 12
8634 6
8635 10
8636 10
8637 7
8638 10
8639 10
8640 10
8641 7
8642 10
8643 12
8644 12
8645 12
8646 10
8647 10
8648 10
8649 7
8650 7
8651 10
8652 6
8653 10
8654 10
8655 7
8656 3
8657 5
8658 3
8659 10
8660 3
8661 3
8662 10
8663 10
8664 10
8665 10
8666 10
8667 10
8668 0
8669 12
8670 10
8671 7
8672 7
8673 10
8674 2
8675 10
8676 7
8677 7
8678 10
8679 1
8680 10
8681 5
8682 10
8683 10
8684 10
8685 10
8686 10
8687 5
8688 12
8689 10
8690 10
8691 10
8692 1
8693 6
8694 1
8695 7
8696 6
8697 10
8698 7
8699 7
8700 7
8701 10
8702 12
8703 7
8704 10
8705 3
8706 5
8707 5
8708 10
8709 10
8710 1
8711 10
8712 7
8713 10
8714 10
8715 10
8716 7
8717 6
8718 1
8719 7
8720 10
8721 3
8722 10
8723 7
8724 12
8725 1
8726 12
8727 7
8728 7
8729 10
8730 10
8731 12
8732 1
8733 10
8734 7
8735 10
8736 3
8737 10
8738 10
8739 7
8740 10
8741 7
8742 1
8743 7
8744 10
8745 7
8746 10
8747 7
8748 12
8749 10
8750 7
8751 10
8752 7
8753 10
8754 5
8755 7
8756 10
8757 10
8758 0
8759 7
8760 0
8761 10
8762 10
8763 10
8764 10
8765 10
8766 10
8767 10
8768 7
8769 7
8770 7
8771 10
8772 10
8773 5
8774 10
8775 7
8776 7
8777 7
8778 10
8779 12
8780 6
8781 10
8782 10
8783 10
8784 7
8785 0
8786 10
8787 5
8788 10
8789 10
8790 10
8791 6
8792 10
8793 6
8794 10
8795 7
8796 10
8797 10
8798 3
8799 1
8800 5
8801 10
8802 10
8803 7
8804 5
8805 10
8806 7
8807 0
8808 10
8809 12
8810 10
8811 10
8812 10
8813 0
8814 7
8815 10
8816 12
8817 10
8818 10
8819 7
8820 10
8821 10
8822 10
8823 0
8824 8
8825 10
8826 10
8827 7
8828 10
8829 7
8830 1
8831 7
8832 7
8833 6
8834 7
8835 0
8836 7
8837 10
8838 7
8839 10
8840 7
8841 12
8842 7
8843 7
8844 10
8845 7
8846 7
8847 10
8848 3
8849 10
8850 10
8851 10
8852 10
8853 10
8854 10
8855 10
8856 0
8857 7
8858 10
8859 11
8860 7
8861 10
8862 10
8863 5
8864 7
8865 3
8866 10
8867 10
8868 7
8869 10
8870 7
8871 10
8872 10
8873 10
8874 10
8875 10
8876 10
8877 10
8878 10
8879 12
8880 7
8881 10
8882 7
8883 10
8884 10
8885 12
8886 3
8887 5
8888 7
8889 10
8890 7
8891 7
8892 10
8893 0
8894 1
8895 7
8896 11
8897 7
8898 10
8899 10
8900 12
8901 7
8902 7
8903 12
8904 10
8905 10
8906 10
8907 0
8908 3
8909 10
8910 10
8911 7
8912 10
8913 1
8914 10
8915 10
8916 10
8917 10
8918 10
8919 10
8920 10
8921 6
8922 10
8923 0
8924 0
8925 7
8926 5
8927 10
8928 10
8929 5
8930 7
8931 6
8932 5
8933 10
8934 10
8935 10
8936 6
8937 1
8938 10
8939 10
8940 10
8941 7
8942 7
8943 10
8944 10
8945 10
8946 0
8947 12
8948 10
8949 5
8950 11
8951 10
8952 0
8953 10
8954 7
8955 7
8956 10
8957 7
8958 10
8959 1
8960 1
8961 10
8962 0
8963 7
8964 6
8965 0
8966 10
8967 3
8968 10
8969 10
8970 7
8971 10
8972 10
8973 7
8974 12
8975 10
8976 5
8977 7
8978 10
8979 10
8980 10
8981 1
8982 10
8983 10
8984 10
8985 10
8986 10
8987 5
8988 1
8989 3
8990 0
8991 7
8992 10
8993 1
8994 7
8995 7
8996 7
8997 7
8998 7
8999 10
9000 12
9001 10
9002 5
9003 5
9004 10
9005 10
9006 0
9007 12
9008 6
9009 7
9010 10
9011 10
9012 4
9013 6
9014 10
9015 10
9016 10
9017 10
9018 7
9019 7
9020 12
9021 1
9022 12
9023 12
9024 12
9025 7
9026 10
9027 10
9028 10
9029 10
9030 10
9031 0
9032 10
9033 10
9034 10
9035 12
9036 10
9037 10
9038 10
9039 10
9040 10
9041 10
9042 10
9043 10
9044 10
9045 5
9046 7
9047 10
9048 10
9049 6
9050 10
9051 10
9052 10
9053 10
9054 7
9055 6
9056 10
9057 10
9058 5
9059 6
9060 0
9061 12
9062 1
9063 10
9064 10
9065 6
9066 10
9067 10
9068 0
9069 7
9070 7
9071 2
9072 10
9073 10
9074 1
9075 10
9076 10
9077 3
9078 10
9079 7
9080 10
9081 7
9082 10
9083 10
9084 10
9085 10
9086 3
9087 12
9088 12
9089 10
9090 5
9091 10
9092 10
9093 7
9094 10
9095 10
9096 7
9097 10
9098 0
9099 6
9100 7
9101 10
9102 1
9103 10
9104 3
9105 10
9106 10
9107 5
9108 10
9109 1
9110 10
9111 10
9112 10
9113 10
9114 10
9115 7
9116 10
9117 0
9118 7
9119 10
9120 10
9121 10
9122 10
9123 10
9124 10
9125 10
9126 7
9127 10
9128 10
9129 10
9130 10
9131 10
9132 1
9133 7
9134 10
9135 10
9136 7
9137 10
9138 10
9139 10
9140 10
9141 10
9142 10
9143 10
9144 10
9145 10
9146 10
9147 10
9148 10
9149 0
9150 10
9151 7
9152 7
9153 10
9154 10
9155 7
9156 10
9157 1
9158 10
9159 7
9160 10
9161 1
9162 10
9163 10
9164 7
9165 0
9166 10
9167 5
9168 5
9169 1
9170 10
9171 10
9172 10
9173 10
9174 0
9175 10
9176 10
9177 3
9178 7
9179 10
9180 7
9181 10
9182 7
9183 12
9184 12
9185 10
9186 10
9187 10
9188 10
9189 10
9190 10
9191 5
9192 6
9193 3
9194 1
9195 7
9196 10
9197 1
9198 10
9199 10
9200 7
9201 10
9202 10
9203 10
9204 7
9205 0
9206 10
9207 10
9208 10
9209 1
9210 10
9211 10
9212 10
9213 7
9214 10
9215 10
9216 10
9217 10
9218 10
9219 10
9220 0
9221 10
9222 10
9223 10
9224 1
9225 7
9226 5
9227 6
9228 10
9229 10
9230 5
9231 7
9232 7
9233 5
9234 10
9235 1
9236 0
9237 10
9238 3
9239 3
9240 10
9241 10
9242 10
9243 6
9244 10
9245 10
9246 10
9247 6
9248 10
9249 10
9250 10
9251 10
9252 10
9253 7
9254 1
9255 11
9256 1
9257 7
9258 10
9259 6
9260 10
9261 1
9262 3
9263 10
9264 10
9265 10
9266 10
9267 10
9268 0
9269 10
9270 7
9271 1
9272 12
9273 7
9274 7
9275 7
9276 10
9277 7
9278 10
9279 10
9280 1
9281 1
9282 10
9283 10
9284 10
9285 1
9286 3
9287 7
9288 10
9289 10
9290 1
9291 7
9292 7
9293 10
9294 10
9295 10
9296 10
9297 12
9298 7
9299 7
9300 10
9301 10
9302 7
9303 10
9304 3
9305 7
9306 7
9307 10
9308 5
9309 10
9310 6
9311 10
9312 7
9313 7
9314 5
9315 0
9316 1
9317 10
9318 10
9319 10
9320 10
9321 1
9322 10
9323 1
9324 7
9325 10
9326 5
9327 1
9328 10
9329 12
9330 7
9331 10
9332 7
9333 6
9334 10
9335 10
9336 7
9337 0
9338 10
9339 10
9340 10
9341 7
9342 7
9343 1
9344 10
9345 5
9346 10
9347 12
9348 10
9349 10
9350 7
9351 10
9352 5
9353 0
9354 0
9355 12
9356 10
9357 7
9358 7
9359 3
9360 10
9361 10
9362 7
9363 10
9364 12
9365 5
9366 12
9367 10
9368 7
9369 12
9370 10
9371 7
9372 3
9373 1
9374 10
9375 10
9376 10
9377 10
9378 5
9379 10
9380 10
9381 10
9382 10
9383 10
9384 3
9385 7
9386 7
9387 10
9388 7
9389 7
9390 10
9391 2
9392 3
9393 3
9394 10
9395 10
9396 5
9397 5
9398 10
9399 3
9400 10
9401 10
9402 7
9403 1
9404 10
9405 2
9406 4
9407 7
9408 10
9409 7
9410 1
9411 10
9412 7
9413 10
9414 10
9415 10
9416 5
9417 12
9418 3
9419 10
9420 10
9421 10
9422 10
9423 10
9424 10
9425 10
9426 10
9427 10
9428 5
9429 3
9430 10
9431 0
9432 0
9433 10
9434 10
9435 10
9436 5
9437 10
9438 7
9439 7
9440 10
9441 1
9442 5
9443 5
9444 1
9445 10
9446 10
9447 10
9448 10
9449 7
9450 1
9451 5
9452 10
9453 7
9454 10
9455 1
9456 10
9457 10
9458 10
9459 10
9460 7
9461 5
9462 7
9463 10
9464 10
9465 10
9466 10
9467 10
9468 1
9469 5
9470 2
9471 3
9472 1
9473 10
9474 10
9475 5
9476 10
9477 10
9478 10
9479 12
9480 1
9481 10
9482 1
9483 10
9484 10
9485 10
9486 7
9487 5
9488 10
9489 10
9490 10
9491 10
9492 10
9493 12
9494 12
9495 10
9496 7
9497 10
9498 7
9499 7
9500 1
9501 10
9502 10
9503 10
9504 5
9505 10
9506 10
9507 10
9508 10
9509 1
9510 10
9511 10
9512 1
9513 10
9514 3
9515 10
9516 10
9517 10
9518 10
9519 10
9520 1
9521 7
9522 10
9523 10
9524 10
9525 10
9526 10
9527 10
9528 7
9529 10
9530 7
9531 12
9532 10
9533 10
9534 10
9535 7
9536 10
9537 7
9538 10
9539 10
9540 11
9541 12
9542 10
9543 10
9544 6
9545 3
9546 10
9547 1
9548 3
9549 10
9550 1
9551 3
9552 10
9553 5
9554 10
9555 7
9556 1
9557 12
9558 10
9559 10
9560 7
9561 10
9562 1
9563 0
9564 10
9565 10
9566 12
9567 7
9568 10
9569 10
9570 10
9571 10
9572 10
9573 0
9574 7
9575 1
9576 5
9577 0
9578 10
9579 12
9580 10
9581 7
9582 10
9583 1
9584 10
9585 7
9586 5
9587 10
9588 7
9589 1
9590 10
9591 10
9592 5
9593 5
9594 10
9595 1
9596 10
9597 1
9598 10
9599 10
9600 10
9601 12
9602 7
9603 0
9604 7
9605 10
9606 1
9607 1
9608 10
9609 10
9610 10
9611 10
9612 10
9613 10
9614 10
9615 5
9616 1
9617 10
9618 10
9619 3
9620 10
9621 10
9622 1
9623 7
9624 10
9625 7
9626 10
9627 3
9628 7
9629 10
9630 7
9631 1
9632 10
9633 7
9634 5
9635 10
9636 7
9637 10
9638 10
9639 7
9640 6
9641 6
9642 10
9643 10
9644 10
9645 7
9646 10
9647 10
9648 1
9649 10
9650 10
9651 12
9652 10
9653 10
9654 10
9655 10
9656 10
9657 7
9658 7
9659 10
9660 10
9661 10
9662 7
9663 7
9664 10
9665 10
9666 10
9667 10
9668 1
9669 12
9670 10
9671 10
9672 10
9673 5
9674 10
9675 7
9676 1
9677 10
9678 10
9679 10
9680 10
9681 7
9682 10
9683 10
9684 1
9685 1
9686 1
9687 10
9688 6
9689 10
9690 10
9691 10
9692 1
9693 10
9694 10
9695 1
9696 10
9697 10
9698 0
9699 10
9700 3
9701 10
9702 10
9703 10
9704 10
9705 10
9706 7
9707 7
9708 7
9709 0
9710 7
9711 7
9712 10
9713 5
9714 10
9715 10
9716 10
9717 10
9718 7
9719 7
9720 10
9721 10
9722 3
9723 10
9724 0
9725 10
9726 10
9727 10
9728 1
9729 1
9730 10
9731 10
9732 10
9733 10
9734 7
9735 1
9736 10
9737 10
9738 6
9739 10
9740 10
9741 10
9742 10
9743 7
9744 5
9745 10
9746 10
9747 10
9748 10
9749 1
9750 7
9751 10
9752 10
9753 1
9754 10
9755 10
9756 2
9757 10
9758 10
9759 10
9760 10
9761 1
9762 5
9763 10
9764 1
9765 10
9766 10
9767 7
9768 10
9769 10
9770 5
9771 10
9772 12
9773 5
9774 7
9775 10
9776 7
9777 1
9778 10
9779 10
9780 1
9781 7
9782 10
9783 10
9784 7
9785 4
9786 1
9787 1
9788 10
9789 10
9790 12
9791 10
9792 10
9793 7
9794 10
9795 7
9796 10
9797 10
9798 0
9799 7
9800 1
9801 10
9802 10
9803 10
9804 10
9805 0
9806 7
9807 10
9808 10
9809 10
9810 10
9811 7
9812 1
9813 10
9814 10
9815 10
9816 1
9817 10
9818 3
9819 10
9820 7
9821 1
9822 10
9823 10
9824 3
9825 10
9826 5
9827 5
9828 0
9829 10
9830 10
9831 10
9832 10
9833 5
9834 12
9835 10
9836 7
9837 10
9838 10
9839 10
9840 7
9841 10
9842 1
9843 10
9844 10
9845 10
9846 10
9847 1
9848 10
9849 10
9850 10
9851 10
9852 10
9853 10
9854 10
9855 1
9856 1
9857 10
9858 7
9859 7
9860 10
9861 7
9862 0
9863 1
9864 1
9865 1
9866 1
9867 10
9868 7
9869 10
9870 10
9871 7
9872 1
9873 10
9874 10
9875 10
9876 10
9877 12
9878 10
9879 1
9880 10
9881 0
9882 7
9883 1
9884 0
9885 7
9886 10
9887 10
9888 12
9889 0
9890 3
9891 1
9892 10
9893 10
9894 10
9895 10
9896 10
9897 10
9898 10
9899 0
9900 10
9901 1
9902 10
9903 10
9904 6
9905 10
9906 10
9907 5
9908 5
9909 10
9910 10
9911 7
9912 10
9913 10
9914 7
9915 6
9916 7
9917 10
9918 10
9919 10
9920 12
9921 10
9922 10
9923 0
9924 0
9925 10
9926 0
9927 7
9928 7
9929 10
9930 7
9931 10
9932 10
9933 1
9934 10
9935 1
9936 10
9937 7
9938 5
9939 7
9940 10
9941 11
9942 10
9943 10
9944 5
9945 10
9946 10
9947 10
9948 7
9949 10
9950 10
9951 7
9952 0
9953 10
9954 0
9955 6
9956 10
9957 0
9958 7
9959 10
9960 10
9961 5
9962 10
9963 7
9964 10
9965 10
9966 10
9967 10
9968 3
9969 10
9970 7
9971 10
9972 10
9973 10
9974 7
9975 10
9976 10
9977 10
9978 10
9979 1
9980 10
9981 10
9982 3
9983 6
9984 6
9985 7
9986 7
9987 10
9988 7
9989 7
9990 6
9991 10
9992 1
9993 1
9994 10
9995 10
9996 1
9997 10
9998 10
9999 12
