0.11539691749571537
0.003924620732271978
0.017126971368381656
0.0014465590106933445
0.002408988642642318
0.04481833647131857
0.02446588046680826
0.004402626919569314
0.0037066806540894557
0.04248556232807783
0.0021957314879801734
0.018407105127606495
0.0033829148198966496
0.006647767872186353
0.011010027303019726
0.0011116516949784677
0.00791708637055258
0.022030312334533335
0.015182829781414135
0.00790541896608504
0.012375371249655634
0.002335895053434397
0.010800077757044554
6.97050166754607e-07
0.011782246984371584
0.008724259092618434
0.004548890388422351
0.04670655735632494
0.014958781421778386
0.01268354302591275
0.010053072870161642
0.0185212201679945
0.0087358538936192
0.006467974788892074
0.006559171694055063
0.027345706406532045
0.03856251467951884
0.009160840567337866
0.006627263172145451
0.012777761291567791
0.08009097825872374
0.01594512795616489
0.019138856865772824
0.007723572870263732
0.011882647549378214
0.014666431884785024
0.007723572870263732
0.0043142453426367935
0.004255756789796828
0.007723572870263732
0.0015661208032269752
0.017587958064430413
0.0066999501302842926
1.3941003335092137e-06
0.013911517150710541
0.014245659291602009
0.00759499413807134
0.017820519170991565
0.007661020378077704
0.022519621199259886
0.0020585161679124303
0.014884273586408118
0.002497768519767688
0.0448912422925982
0.03628780208843617
0.009485645928236615
1.3941003335092146e-06
0.010768558652767215
6.434309231581006e-07
0.013330244056582287
0.022878576018616825
0.01821357347659057
0.007573746003527861
1.3941003335092146e-06
1.3941003335092146e-06
0.00790541896608504
0.007573746003527861
0.01275173272056033
0.004236735890654616
0.010641897819407413
0.008784015963052
0.007723572870263732
0.002209387861626934
0.012704843995902612
0.015201590491751613
0.005434943431364832
0.014997051091338864
0.00318862004077397
0.011454580825666468
0.02211852099411229
0.0030706677152442722
0.016433609794174433
0.007087590923927115
0.005937263323689089
0.006962764103677368
0.0032035077301884817
1.3941003335092146e-06
0.044883955830385215
0.0021868222011906754
0.013138894436031572
0.0010854033210810326
0.00811480819356232
0.0011938530709937145
0.003379049185145202
0.027272971638227235
0.010651300906423834
0.014046717736729223
0.004626023873451429
0.023354494176806455
0.011319809126878362
0.008504418063479964
0.004248366237424264
0.0034406706252074985
0.0010859599957894117
0.00673494894870952
0.013424220968407185
0.008626344704601888
1.3941003335092146e-06
0.0010732055102442694
0.011390664540477182
1.3941003335092146e-06
0.032717036312745536
0.006970365290116948
0.0033072678477635907
0.0038805013658992768
0.008126253502407406
0.012390531134515808
0.004445684619858593
5.808751389621747e-07
0.013550589933543812
0.004682708568728128
0.01384481659434604
0.009952645752611934
0.009343102241445972
0.020030284191093133
0.017588590953760194
0.01984616364685238
0.01521923595956794
0.015636769449941194
0.01563440822092546
0.013550589933543812
0.02433028218163128
0.023229330830439206
1.3941003335092146e-06
0.0399550544214317
0.039836359663544235
0.05516825825314155
0.003334531746714879
0.01627379549019965
0.029359634253825782
0.019619395266406926
0.0022053362312044527
0.008316913168795717
0.009961575642422754
0.0060160456920907105
0.0021868222011906754
0.0021868222011906754
0.012778682197620041
0.029576963350640223
0.004706232315394773
0.028182192292770032
1.3941003335092137e-06
0.0012825929647740945
0.005175090554594258
0.00604377436641158
0.04670655735632494
0.015313335542909727
0.007835349872756792
0.0010618738684307948
0.004521278372360646
0.034886637191873515
0.017270967052053058
0.006556115553741637
0.015771883330025185
0.01600451285538782
1.3941003335092146e-06
0.005354722561328871
0.01627379549019965
0.004878256535183355
0.013168830256299119
0.009672460225196874
0.007723572870263732
0.005632320652221535
0.01707099273422498
0.013211101526374466
0.01757394110684378
0.015156350643985676
0.007723572870263732
0.015760360888246172
0.002180438923006475
0.009343649963407837
0.02142318350299357
0.009271068682910142
0.027872223503797526
0.00566379153478295
0.0060273590178516545
0.016491669831742665
0.007863710239442644
0.0077052625279514265
0.007987290626581944
0.0021957314879801734
0.01166806098780728
0.08080299881271051
0.019632868404017706
0.03742574111738016
0.0039047151056327838
6.273451500791478e-07
0.007003825136038367
0.01546694116342663
0.01209747238130588
0.016444862003053548
0.007855748858143819
0.0032276101458410225
0.019691707695315645
0.017141395246413827
0.004378883635456724
0.004044670019745717
0.010285726773097649
0.013892388660336324
0.002428720078275835
0.0010805888784523067
0.0011116516949784677
0.001143842825468827
0.001102813668226648
0.0011482692816195083
0.005640466637339068
0.015188681136334651
0.0060273590178516545
0.0049091774204328975
0.008406662021466366
0.056502345972516035
0.002428720078275835
0.0049091774204328975
0.0032532527088905043
0.003293973349889724
0.009876068448942595
0.0049091774204328975
0.007900900336176781
0.0010618738684307948
0.03825787821636381
0.0503292561409498
0.023717408096250645
0.02316227338724346
0.012390531134515808
0.006620697784093093
0.01535689375633438
0.014542253761197872
0.023972678434894215
0.0013170683832973676
0.007908218474632711
0.013379815106406841
0.008905690860819125
0.005175090554594258
0.004433496522992834
0.0011116516949784677
0.016629362970291623
0.002404520373062837
0.0025180499098176913
0.007813586965985091
0.006620697784093092
0.018638648424798145
0.001097174500626287
0.011249740859281465
0.023622112437090236
0.012956708432584563
0.008210324977929964
0.012683498386735248
0.0036042603586623465
0.0022189889622678915
0.005746954950852915
0.0037066806540894557
0.03748760211106447
0.009436778316055983
0.010572566363362818
0.0384731851686766
0.011842393073393149
0.013994907945504917
0.007917180586877058
0.010164702838094687
0.026719018087761254
0.010930172866781895
0.04067120952230737
0.007823767855109395
0.003370288365798619
0.00512209454013472
0.00921259665735009
0.007413360918397022
0.03329424074225824
0.006719848981618273
0.0014078274412458575
0.029470816343884834
0.03273192932017388
0.001077587529190198
0.03184956567707205
0.002408988642642318
0.014174377033783834
0.0072628426929442075
0.012734558303044968
0.012479913243254983
1.3941003335092146e-06
0.00787609686568363
1.2868618463162025e-06
0.006587699620131763
0.0054192305658675504
0.004285690017440502
0.01043566815379592
0.003573405017213003
0.007723572870263732
0.007342080005070833
2.0911505002638203e-06
0.006695727712713171
0.007872827192495553
0.007566175289499828
0.027466396415008996
0.006627263172145451
0.014636089251465943
0.017380313043591805
0.0012046581308083441
0.0043709636800109706
0.01177110731929665
0.028543880250111973
1.3941003335092146e-06
0.0015013930408548882
0.02792784517859341
0.016557532761625304
0.019619395266406926
0.03710332215545846
0.01302597848845581
0.019313679874279035
0.05185239323407817
0.015123207291197843
1.3941003335092146e-06
0.004306091759982124
0.04670655735632494
0.016297566950382605
0.0010732055102442694
0.0034099943620127973
0.0069111312111565576
0.012797794751468604
0.019299240997482203
0.007672394811588162
0.008114592908545229
0.0014156216802086068
0.015169750835047376
0.011861391142589701
0.008163754705168697
0.007279204427089274
0.012315497635569153
0.02554168292839008
0.003214241171559094
0.025352820615373004
0.016059617002892265
0.010529977224555375
0.012584697427322097
0.04406516572784331
0.012166755019326094
0.009040657010259797
0.0024264045626051635
0.008484133272943123
0.00816948593669416
0.02456090084784332
0.008429624114334672
0.0034251271669354217
0.004337502413676311
0.03526949330916751
0.004365183385992222
0.004331914449076641
0.006529952575188572
0.006529952575188572
0.007279204427089274
0.007581723394753693
1.3941003335092146e-06
0.008252613395043067
0.010998019073793348
0.006240645586550266
0.010725162853671009
0.0011611130451698818
0.0033104792866194793
0.005894137971503271
0.009429433204076075
0.0011748208854226276
0.019820735379610932
0.004371372443272402
0.027592069157446365
0.011922463124955636
0.016521405388408954
0.04124870680271605
0.053154249937972665
0.023875043603138964
0.07248854052722739
0.10515758124094281
0.004369000413985518
0.007229976572960904
0.04670655735632494
0.03295381722566481
0.004184183140004337
0.027133404029768656
0.02526423538621314
0.0069052849058111095
0.007917180586877058
0.03018082670350063
0.035659515549721243
0.017787294685003764
0.019578520217876913
0.04176288965319662
0.03517882232898878
0.0037215497394430925
0.001090950992593506
1.3941003335092146e-06
0.014819652778145655
0.06707947463792698
0.03213545472830648
0.008126253502407406
0.0030705542696402802
0.0032911615294047318
0.00712378142933612
0.07458013523099374
0.008149477875134719
0.07133420362481054
0.016218401993830664
0.001077587529190198
0.010633324708451804
0.014960082622059306
0.002917417199879517
0.004436396177328047
0.004436396177328047
0.0047026789702093175
0.0015661208032269752
0.0023266603076159613
0.019867552732300463
0.0014078274412458575
0.02328078993261432
0.03429057197848301
0.019697955730343122
0.026292624230864925
0.007723572870263732
0.007723572870263732
0.003348621360430089
0.007784604011146121
0.034065673568193115
0.001090950992593506
0.015112596317782634
0.0010737112783882465
0.0030301568186070302
0.008078633309941387
0.00934080154684953
0.011435170464634253
0.024197618504593427
0.007451486993562096
0.0011375633953448641
0.006868641750883051
0.002218122137691265
0.006773025738672189
0.03162017952883011
0.00887904713429588
0.0032568377028368446
0.004429913318441636
1.3941003335092146e-06
1.3941003335092146e-06
0.002334249755991577
0.012136013023246389
0.005120871401530893
0.008127963758120126
0.002315004965808097
0.0038301226511218795
1.3941003335092146e-06
1.3941003335092146e-06
0.016097140971980787
1.3941003335092146e-06
0.00859357633191431
0.004503863536280636
0.03462759427085523
0.023737676482972956
0.01563139253611994
0.007488822364284261
0.006032775506192633
0.0014986944447762962
0.028117018245058092
0.0040009073148916845
1.3941003335092146e-06
0.01627379549019965
0.013171672507893703
0.005631207170357091
0.019836162946848385
0.007723572870263732
0.007913196579677461
0.015926715058297822
0.025483044170613367
0.11295455940926437
0.006529952575188572
0.001170260850790189
0.003581096562640883
0.02356983530976975
0.023542650991679983
0.02265659938442857
0.08425382721210134
0.015419829999540299
0.008211313031354809
0.006336148968556756
0.021144665318586154
0.014308592973764977
0.005905724943967899
0.009222106558975538
0.0014465590106933445
0.007479724638940361
0.009782141875915884
0.0675609232451346
0.002327115978419407
0.0034631519357576175
0.029699750311560934
0.00261474751813401
0.00677392091835155
0.00462532180763051
0.00462532180763051
0.032906738296692
0.025884954033231433
0.015687007953451806
0.006644114933677026
0.002917417199879517
0.014203267127813054
0.01465695042294033
0.0021612511956022973
0.017214588593626182
0.004416514819032704
0.0034251271669354217
0.006627366049614206
0.007723572870263732
0.007723572870263732
1.3941003335092146e-06
0.007723572870263732
0.01647202731228022
0.02321583007465931
0.007984091323297623
0.0056605248841637605
0.005797561950172267
0.00396953133885044
0.009952645752611934
0.002364534580157098
0.0026125466829744672
0.003924202966598868
1.3941003335092146e-06
0.004892673326718948
0.031480621982521065
6.970501667546076e-07
0.011075129460879532
0.011305928454232327
0.02211852099411229
0.010130156969384838
0.022311938070009536
0.00665075792298061
0.0022068814834539535
0.002157219722563954
0.006114639399407402
0.00726096295416053
0.005333593845569592
0.004601030837079767
0.008043075836903543
0.0021026437656488277
0.0014986944447762962
0.01306368361451893
0.0011375633953448641
0.0033934356931526657
0.0013886469920087899
0.0068115674895708805
0.02915892684355823
0.006493537226171473
0.00969290075552879
0.002359905890451463
0.007641891495475711
0.044773955012320066
0.023994990099278427
0.005469910787171296
0.00888653784553633
0.010741478577471663
0.008757725792686502
0.005410769882856941
0.002788122151920206
0.015381870874390026
0.0010618738684307948
0.029340782781253485
0.003461606169588582
0.003461606169588582
0.001090950992593506
0.02147696117441928
0.04131117507967051
0.005738625394398535
0.0042460450412073305
0.006936981277288817
0.009697033892585562
0.027272971638227235
0.0034207459228119035
0.01685200909129053
0.018426533074070103
0.01490905517717654
0.01490905517717654
0.028924121097068656
0.014956745637323184
0.00866466924487291
0.0033018498603345652
0.0021668900464702546
0.013424220968407185
0.013141693144982359
0.0015650109657876026
0.013287201715907271
0.014596848285195002
0.017008798853904446
0.008201893961476386
0.018067490326861183
0.010686043021690145
0.0046199357777550135
0.011582209369100769
0.01955253090175704
0.04512429911367288
0.013233260702081081
1.858800444678963e-06
0.02639971394143147
0.02278319540283137
0.025095230213459996
0.00862959895543877
0.010874379468264915
0.02387595679976364
0.040374108930379356
0.026428377185710755
0.040395602125003094
0.016430620692914535
0.040819296572461486
0.0043092838143268045
1.3941003335092146e-06
0.009676900788100682
0.02946706982080517
0.016848472165931414
0.11365905099568412
0.007936840700295345
0.004252757001214335
0.008734367741747294
0.010811388983319311
0.008003548616663796
0.019304931612372494
1.1617502779243493e-06
0.005484435767365163
0.004472651107773346
0.022881264334137612
0.007659139942027484
0.14658315765707083
0.025272277712911503
0.00376899065605433
0.012220192147793572
0.015234930901656778
0.0017290972504692289
0.009097465486954988
0.027856094318552408
0.025164639996814755
0.004184183140004337
0.011352345093489579
0.05015029963485518
0.010842308186503079
0.014672662006950691
0.020438732477615233
0.002209387861626934
0.12175126148664506
0.03058743903051215
0.1334543276929783
0.007432786604099924
0.0422887869769373
0.0011455027617682351
0.00864145674784001
0.008339348320418362
0.01619223779043294
0.01212099165463342
0.006604493624248545
0.011788398994543191
0.013633888968948446
0.013219921537983636
0.01635861577404973
0.021976989801210964
0.0069111312111565576
0.016973758703146366
0.022418436727183997
0.023779684553971524
0.002157219722563954
0.008738263260793869
0.005301666667849679
0.03628780208843617
0.0024431309638719063
0.0114320559651648
0.019641824645630267
0.016044230133478613
0.008344346969278575
0.002142998642250635
0.0011859804743720689
0.01693663873341831
0.0717284494490653
0.011045728413757777
0.023658712652239355
0.004488381824376237
0.014357276599788365
9.294002223394815e-07
0.026577589648442385
0.01757267452972297
0.03137757161222761
0.006583212712984341
0.007630250114262851
0.003298691367166386
0.014350577702803857
0.03427372599241562
0.01206091534563374
0.006353033852241893
0.0032783069045828174
0.007768625326626782
0.0021886999873264395
0.003928717807470411
0.004549036242266452
0.022068043279876975
0.007780645301737454
0.014945309066317239
0.007402937954928809
0.012488791167406704
0.0010679488596229128
0.007727013264902153
0.01209747238130588
0.009930185565207719
0.008686146578559406
0.02351962100315124
0.042076816201901956
0.007361119104839403
0.006769840478223121
0.006924911950901562
0.007312571000031283
0.004343800481158615
0.028947084802205092
0.03620416686885621
0.03111193017234013
0.02691826657714645
0.0218263659834249
0.014666431884785024
0.01966304716994104
0.014141359307737345
0.03399468979240795
0.005174013167938777
0.01002306462168735
0.005036174003739258
0.014995749387724317
0.0014986944447762962
0.02277078393198565
0.003516172068041305
0.01111270246735539
0.011152495339224956
0.0134190833980331
0.01704243883255084
0.0014465590106933445
0.045244710960836015
0.035939268112631116
0.028452206017021846
0.06672122231480844
0.00545556498909634
0.003312644740605216
0.016101003006945017
0.009811770922784567
0.038311500653820586
0.01939408087082468
0.016955791812499867
0.007723572870263732
0.004386283792002749
0.009456285956838159
0.018814827317853406
0.0010775458254554044
0.0010949681145006965
0.031395220390901056
0.008811458931342199
0.017527601835245037
0.0040777331151767736
0.00569837805950605
0.008770054100880796
0.007611853336952795
0.0065907639771775285
0.015593100914630202
1.3941003335092146e-06
0.0033038016194480617
0.024273004555704983
0.013347087350494665
0.022249547204484136
0.009481192176050153
0.0051628901493918355
0.008835003470414066
0.008835003470414066
0.007723572870263732
0.006860491759591598
0.008084717238873794
0.050067382496587626
0.0035628625063046067
0.006529952575188572
0.015651124896721297
0.007861030625674486
0.01771971702965201
0.00862959895543877
0.013325538485090514
0.0035513007503266253
0.005226703044252503
0.0038658179020806755
0.013139185507770766
0.005937263323689089
0.0013553007875514434
0.011008694303645703
0.0010880358510195075
0.01106622674920925
0.008243748447500665
0.016432475292734578
0.01984616364685238
0.026739449039242063
0.020084416889221163
0.043215774614618306
0.0063215856786538824
0.0021957314879801734
0.025626732145487406
0.08590254213675103
0.006731774055252084
0.03964427455467945
0.025917716059174215
0.0076423520715654045
0.0014465590106933445
0.01389811342551484
0.013211672244909625
0.11034342527620608
1.3941003335092146e-06
0.007832990755618233
1.3941003335092146e-06
0.014674407601694818
0.0034871726674993455
0.013577833537388595
0.0025180499098176913
0.0010641993376703214
0.01771789231418402
0.005472886233836073
0.006235725914386344
0.022922650629683176
0.013966798692857822
0.013966798692857822
0.014173048880865572
0.01556778338090597
0.0011611130451698818
0.008432903623865262
0.003245591216920709
0.005370636207400701
0.008686146578559406
0.007810198202077943
0.004260898119560156
0.03443372038180808
0.37382199313618114
0.0708491414736905
0.017229717518068198
0.013960937999336186
2.0911505002638287e-06
0.019604096910204465
0.016701595375106633
0.021613895081255094
0.06301977827585407
0.007432786604099924
0.023758234773363876
0.010713937261192732
0.007640012514529933
0.025786733618320908
0.02617506286349801
0.019082185870227256
0.01589706483056474
0.04670655735632494
0.031129321814034574
0.03911965849949923
0.015026838287132338
0.04103194116548903
0.01600217075400375
0.003581096562640883
0.002192349450010816
0.008227779807117466
0.0033741935935867233
0.013460631510195794
0.022365262319593474
0.016582785115756116
0.04487941343259942
0.0028553780355278094
0.023721424742608292
0.004921370278527593
0.007810198202077943
0.002432700278825631
1.3941003335092146e-06
0.00656626509878937
0.007900900336176781
0.012116571559101482
0.012486389992156862
0.008368228698329582
1.3941003335092146e-06
1.3941003335092146e-06
0.0035188046430986264
0.014533550481359233
0.013757355177739895
1.3941003335092146e-06
1.3941003335092146e-06
0.007698034635132471
0.0019945463747554092
0.014343404496991966
0.0021848572052227374
0.007451486993562096
0.004601030837079769
0.004601030837079769
0.0015013930408548882
0.0010913747183941768
0.027753759349417043
0.0021868222011906754
0.023652871090432622
0.013124222516270805
0.003787713932021726
0.004422366293949007
0.005499719503778486
0.007290986865326778
1.3941003335092146e-06
0.006529409501708185
0.014526705939984853
0.07068469415873939
0.03808728276281214
0.004390562378029217
0.01277413990405721
0.0032803405503770305
0.002404520373062837
0.0010927928054655167
0.006627263172145451
0.0023021857221363477
0.023427161524043515
0.007807223209963846
0.004517963953061659
0.006545758923990025
0.0011116516949784677
0.008928779234605305
0.04670655735632494
0.041113198358860945
0.023802951682933674
0.0010854033210810326
0.0503349357819745
0.024934326636735435
0.015986101871063682
0.04258464709883888
0.04344643122877679
0.025284394447787795
0.008757508152722868
0.007489450291324805
0.015178500247210349
0.022701073127012115
0.018737305298853212
0.0036806520245499966
0.004972345335936214
0.01946874892074296
0.01910653385827274
0.01933704131800228
0.02301382512380586
0.020551369211511728
0.006379466752293724
0.01568949702781194
0.019510628578219863
0.009616079977201531
0.009521103036118667
0.0038805013658992768
0.02269155291764568
0.0023489841981266996
0.014870907808425501
0.0338789070802074
0.003091431743262266
0.01863024160021459
0.011794944106545573
0.014959786700548091
0.002404520373062837
0.0037669420791906
0.00698491475405566
0.03034620595563173
0.013787353029919468
0.01038923632813858
0.016491669831742665
0.003133240753388817
0.018284763796411595
0.0021202880977303504
0.0022125454502104763
0.009801924231413836
0.08420380689922206
0.058529394488567955
0.009460841848576124
0.01844944285308286
0.01412383352870936
0.01412383352870936
0.02406441016810148
0.11858557710174523
0.01064890827185709
0.007823767855109395
0.007635968791720261
0.022164841674857577
1.3941003335092146e-06
0.0027186350011618827
0.010163500613426225
0.028228430923124305
0.022334092240584285
0.028947052447248028
1.3941003335092146e-06
0.011704203772584184
0.017064433880606623
0.016052902610620548
0.0032799316390546506
0.024814152786064744
0.03071197211207577
0.013603316945541576
0.008640676632801476
0.00526424165172369
0.0061312603958540365
0.0010787749987645635
0.05122791834716696
0.037724476902689805
2.61393812532978e-06
0.0017278771008990724
0.009943250690330892
0.0027388939191552554
0.005096325956314488
1.3941003335092146e-06
0.008732138984485074
0.0017307026835758862
0.008389373194669043
0.023501089058730038
0.0036193878296412983
1.3941003335092146e-06
9.294002223394815e-07
0.035066859440183874
4.879351167282267e-07
0.0017698482643529793
0.000955271305080703
1.3941003335092146e-06
0.0034905349629926817
0.0008211802731574475
0.0132394782687486
0.04670655735632494
1.7924147145118444e-06
2.09115050026383e-06
1.3941003335092146e-06
1.3941003335092146e-06
0.005790356928263296
0.012744804625852722
0.0014317308159155267
0.003553652865557199
0.0009085451396922849
0.0046420006327259665
0.0048483043643887
9.294002223394815e-07
0.021472439548223088
0.008536452933309437
0.009558524466606272
1.3941003335092146e-06
1.3941003335092146e-06
0.005365764288013222
0.0039020671562785083
0.0014563329369208914
0.0004046585653725752
1.3941003335092146e-06
1.1949431430078961e-06
2.0911505002638317e-06
1.3941003335092146e-06
0.0027863239484388147
0.0027443553532499475
1.3941003335092146e-06
0.0030955194825001463
0.0010508227916334483
0.004518131896257154
0.001347224391006962
0.0031779123290422394
1.5932575240105281e-06
0.002723060161944781
0.011559912047508315
0.04670655735632494
0.002775276752858744
0.001191482200949165
1.3941003335092146e-06
0.002342024512040979
1.3941003335092203e-06
0.005930714854466026
0.002356164039238588
0.035066859440183874
0.007119283415174892
0.025674194622587257
0.0024549818924925913
0.0021908774801845886
0.0025221789105006787
0.01283374252879935
0.04670655735632494
0.002517334956778539
0.00857427388421389
0.00439256226101664
0.002775276752858744
0.002758657599988403
0.008293212814149636
0.001894512144982768
0.0036699144167234303
0.0042338684972557765
1.3941003335092146e-06
0.0016102515320395732
0.0011693769820361529
0.0025290194941376145
0.008903187520231748
1.3941003335092146e-06
0.007391369870570285
0.015045166872601462
0.006967883689927385
0.0035890415956579737
1.3941003335092146e-06
0.001464427595630119
0.0030698947494647577
0.010150229424656612
1.3941003335092146e-06
0.002256317826426179
1.3941003335092146e-06
0.0017580892353884774
6.970501667546106e-07
1.3941003335092146e-06
0.005117994816808787
0.0011537299874871145
0.0023524045834398175
0.0034913612953652935
0.0016611557549719564
0.002691729342107124
0.007473580821022955
1.3941003335092177e-06
0.0022972525637300453
1.3941003335092146e-06
0.0010258136312846862
0.004754896880170117
0.004815664592619754
0.0037965873270173907
0.0021903526078189974
0.005934315283989122
0.00043006081032468275
0.004040457975040691
0.002975808653014309
0.0016332170889138775
0.0030364216993383993
0.007160331368074971
0.003883734253507341
0.001946130617263117
0.003687113322838826
0.007012358192038523
0.0010258136312846862
0.0031966281671985154
1.3941003335092146e-06
0.006168786528000636
0.003963064157151248
0.0023227298887303306
1.3941003335092146e-06
0.0011195680306881827
0.006888745952748471
0.000694187175813384
0.016871218233370483
0.010950290948637866
0.0023573637564534614
1.8297566877308507e-06
0.007026984499609952
1.3941003335092146e-06
1.3941003335092146e-06
0.0014631201023571985
0.00902805482170431
0.011641092016474
0.004108783982446967
6.970501667546106e-07
1.3941003335092173e-06
0.0013966494983088773
1.3941003335092146e-06
0.0023969733981989215
6.970501667546086e-07
1.3941003335092203e-06
0.01601215996231795
0.004741554043733778
0.0016902638084227276
7.966287620052645e-07
0.003779740469449623
2.3898862860158105e-06
0.012049270526291653
0.005051124843776576
0.010926991030208937
0.0021154883847730593
0.0130244228731564
2.091150500263831e-06
0.0012515426936276254
0.002086196254632504
1.3941003335092146e-06
2.0911505002638304e-06
0.0010352127826140011
0.0044748373688384266
0.006298318844913749
0.0012714398348357856
0.003276758443321126
0.001212966824955639
0.0025107792777290198
0.002476014521517487
1.3941003335092146e-06
0.011554861051761582
0.0012040791515105583
0.00040658722871604
0.0025189508811729946
0.0021405476474787217
0.0038173869296604887
0.0023995295316927992
0.0033915319151533304
1.3941003335092146e-06
1.0455752501319152e-06
0.008927515824225943
1.3941003335092146e-06
0.00804442879931815
0.007473580821022955
0.0018157120050657563
1.3941003335092146e-06
0.0037815460740037547
0.004512207872939007
0.04670655735632494
0.005763223086194036
1.3941003335092146e-06
0.014434029833807194
0.00292168065957144
0.045847764429952885
0.003265406041411319
0.0010258136312846862
0.001378627254549867
0.004712155094137503
0.0013221364560183772
2.230560533614752e-06
0.009265254596828816
0.003279045462545025
0.0011555969068746702
0.009868996653622716
0.008298321215584811
1.3941003335092146e-06
0.004518131896257154
0.004959591116797277
0.005584497458784537
0.004413975967299066
0.04670655735632494
0.004176554372779895
0.0034378095761452045
0.022197849451729687
1.3941003335092146e-06
0.001784646830834947
0.002434335814006813
0.023276841421524985
0.0033670909569431715
0.004272302542805105
0.018363377234680366
0.0012266266166429238
0.008398686842891195
0.0009627432338292475
0.004104753045177199
0.004610420879697751
0.004644764196043212
0.0011812371402187827
0.001352954485765388
0.0026203733667011543
0.011978899751125963
0.00972559865171178
0.003470639206157194
0.006053812505485647
0.001816563584864975
0.006588096375549343
0.0025305856395869083
0.011567164481787472
1.3941003335092146e-06
0.008965271405062161
0.0034687797614804208
0.004771827285349585
0.0005616505752240435
1.115280266807376e-06
0.003473162636688392
2.0911505002638258e-06
0.0017698482643529793
1.3941003335092146e-06
1.3941003335092146e-06
0.0023120016985784834
0.010171020075742184
1.858800444678963e-06
0.0027651431514338167
0.003276758443321126
0.0014347465540102803
1.3941003335092146e-06
0.001205729244553096
1.3941003335092146e-06
0.007632711092816689
0.008466717288048
1.3941003335092146e-06
0.0037827226422437192
0.011123795700809513
0.005919799176461966
0.023427161524043685
0.0028944351869175833
0.0037210035491180606
0.00084361220933551
0.0022679546579497116
1.3941003335092146e-06
0.003169268484263496
0.00333200363518406
0.0019323548949989955
9.294002223394815e-07
0.0032935407063938837
0.006515448028087445
0.0019181590743796385
0.004987254496738702
0.008382719372611034
0.005919799176461966
0.007302604858868042
6.970501667546096e-07
0.001341815827848332
1.3941003335092146e-06
0.0016367501324717221
0.004279326566191005
0.0011507773945412885
2.091150500263831e-06
0.0010693731300839304
0.004191655117903734
1.3941003335092146e-06
0.002464526854265472
2.09115050026383e-06
0.00043821930743000046
1.3941003335092146e-06
0.001054212242812751
1.3941003335092146e-06
0.0020424025501390277
0.004034145536757065
0.001961367016547572
1.3941003335092146e-06
0.0005100860532403824
0.0010075223001316657
0.004414062807719779
0.0010866102955311445
0.04670655735632494
2.0911505002638304e-06
0.0013596330847629801
6.970501667546087e-07
0.012418524697840737
0.002555479665093694
0.014347752452187161
6.970501667546087e-07
0.005517684171740131
0.006465269077198327
0.0030850756589509377
0.004804346871270912
0.00091968686139605
0.003454931024103418
2.0911505002638304e-06
0.019066556067007096
0.009129321814025924
0.007711907687969461
1.3941003335092146e-06
0.0013706410888488598
1.3941003335092146e-06
0.002546877248994664
0.00039642904027045706
0.0011518908624276012
0.0027580927012292047
1.3941003335092146e-06
0.0023242195531393583
9.758702334564535e-07
0.0030920276120400777
0.00490357918342587
0.009254010405496673
0.002866752602365456
0.0019591335758375236
1.0455752501319182e-06
0.0042610622300960355
8.962073572559223e-07
0.0008427989066864305
0.0007783889930187833
0.002678672720645739
0.00043821930743000046
2.4396755836411334e-06
0.0020630362705878814
0.00043821930743000046
0.0023289034127132137
1.3941003335092146e-06
0.004862472096936123
0.010574831732666084
0.002086196254632504
0.0021523022024184787
1.0455752501319182e-06
0.0019615375031541184
1.394100333509222e-06
0.0020017744701657987
1.672920400211061e-06
0.004507517677362792
0.0058052134953540235
0.009254010405496673
0.003953106708073305
0.046560185764895415
0.003512178199200083
0.07000427683455891
1.3941003335092146e-06
0.003941794479485382
0.0015786492582474134
0.0032757582030987042
0.0034660111552535385
0.01093428861061692
1.3941003335092146e-06
0.001378627254549867
0.001254792209937924
1.5683628751978696e-06
5.227876250659565e-07
1.5683628751978696e-06
0.0033213222098317677
4.792219896437947e-07
0.0013690714293820355
0.009941952578618934
0.0013814825452724041
0.00926092116430362
6.970501667546101e-07
0.0029104459233376774
0.010889181401619529
0.0010508227916334483
0.00348876434573248
0.00631548563586111
0.015597461684941175
2.92761070036936e-06
9.758702334564535e-07
0.00852471669196264
0.00469019020470276
1.3941003335092146e-06
0.0011919947616391253
0.03211136286154723
0.022697316714138684
0.015278343939056912
0.01430133750407015
6.273451500791478e-07
0.0033915319151533304
0.0019024998703642266
0.005268039057296036
1.3941003335092146e-06
1.3941003335092146e-06
1.3941003335092146e-06
1.3941003335092146e-06
0.0030061298166102913
0.0015275822423358057
0.0017215824760986927
0.0035307404427374037
0.003464989658221679
0.04666998176555422
1.2198377918205673e-06
0.007430394019539282
0.006200591439802929
0.0016611557549719564
0.0015830532249242848
1.3941003335092146e-06
0.002462906491826697
0.002780477961501848
2.0911505002638313e-06
1.0455752501319182e-06
2.0911505002638364e-06
0.0019197237899810187
0.0019024998703642266
1.3941003335092146e-06
0.005304921292279387
0.005349493038009539
0.002887702181561797
0.0005963235819615137
0.002766322594537442
0.0020193796796111646
0.0013434209472339446
1.3941003335092146e-06
0.009290839317684516
0.01593523657908929
1.3941003335092203e-06
0.0013359201737324496
0.004167096848612588
0.0005616505752240435
1.3941003335092146e-06
2.0911505002638334e-06
6.970501667546111e-07
0.0051459849094927755
0.018895428978060454
1.3941003335092146e-06
1.3941003335092192e-06
2.4396755836411347e-06
0.002373838299784026
0.0021124621537843076
1.4638053501846803e-06
0.023427161524043515
0.006062925430803704
0.017365950715585655
0.00857427388421389
0.0025132146786197994
2.091150500263826e-06
1.3941003335092205e-06
1.3941003335092146e-06
1.3941003335092146e-06
4.4810367862796116e-07
0.012999520113644941
0.013611867338198469
0.0039483121083488575
0.0018347339903935626
1.3941003335092146e-06
0.005889576122890913
0.0034586599595302805
0.019541762691673327
0.0004018530014659777
0.04670655735632428
1.3941003335092146e-06
0.003527121204051434
0.0013966494983088773
0.011244016617062246
1.3941003335092146e-06
1.3941003335092146e-06
0.002763432294796435
1.3941003335092146e-06
0.0036495417702490287
0.00333200363518406
0.001676495302195835
0.001676495302195835
0.028376674289746565
1.3941003335092146e-06
0.006678514321647378
0.008944695044831898
0.003502109941288231
0.005796243254819199
0.0037815460740037547
1.8297566877308507e-06
2.7882006670184346e-06
0.01448507683889269
0.022046685181148686
0.04670655735632494
0.00240084473107704
1.3941003335092146e-06
1.394100333509222e-06
0.008708364008207818
0.0042610622300960355
0.0010434552107595142
0.06998595318860497
0.009431022150937728
0.002608388710631846
0.00601098354620134
0.0036872348720604093
0.00708868695994501
0.002862193567830368
1.3941003335092146e-06
1.3941003335092146e-06
0.005925252499333817
0.003621805038491598
0.001145345658383861
0.0018157120050657563
2.9740807114863253e-06
5.57640133403688e-07
0.014701002112311285
0.0033554658094276492
0.0019889130337669967
0.007948055629949487
1.3941003335092146e-06
1.3941003335092146e-06
0.0076547189491297804
0.01818704536807631
0.001857369941198467
0.0013690714293820355
0.0016102515320395732
0.0020376967979502973
0.0030759182879318545
2.0911505002638258e-06
1.3941003335092173e-06
1.3941003335092146e-06
1.3941003335092146e-06
1.3941003335092146e-06
0.007387395836939038
4.4810367862796116e-07
0.002004367863185289
1.3941003335092146e-06
1.3941003335092146e-06
1.3941003335092146e-06
0.009548237066298901
0.02347097041272488
0.005958636126775112
1.3941003335092192e-06
6.970501667546096e-07
0.009034284164701332
0.003268579988833746
0.011641092016474
1.3941003335092146e-06
1.3941003335092146e-06
0.04664808233279026
0.008248627821557065
0.0019910407427083344
0.0025266701965566216
0.0028339067140135633
0.0017307026835758862
0.003177311071637164
0.0028378944188496196
0.0020509148867528066
1.2198377918205673e-06
0.0032371340041149462
0.003222091291982755
0.0016418191520936015
0.0020957605243390577
0.0027389539055371376
0.0003978339618315041
1.3941003335092205e-06
2.091150500263831e-06
1.3941003335092205e-06
1.3941003335092146e-06
1.3941003335092146e-06
0.0022250002111427235
0.0011054931655777981
0.007184670337490739
0.0023689769191316203
6.099188959102837e-07
1.0455752501319156e-06
1.3941003335092146e-06
0.004435030836022486
1.3941003335092203e-06
0.005894839280401157
0.0034660111552535385
0.0032757582030987042
0.005737747693741758
6.970501667546101e-07
1.3941003335092146e-06
0.00698153520623444
0.004020438904901925
0.0022448686777939908
0.004574929997620513
1.3941003335092146e-06
0.005254268684795217
0.002635753378927956
0.0016280597309622803
1.3941003335092146e-06
0.035066859440183874
0.004070316576925149
2.0911505002638317e-06
0.009092938090900645
6.970501667546087e-07
0.009899486792805168
0.0025651042136357817
3.1367257503957393e-06
1.3941003335092197e-06
0.007315862288446873
0.0029998978986097353
0.002489608749985904
0.0065157716941733395
0.013870259756897483
6.273451500791478e-07
0.011396136817553302
0.008487152833977414
0.00623114982091573
0.006544508703030844
1.045575250131915e-06
1.3941003335092146e-06
0.001060000212086561
0.001894512144982768
1.3941003335092146e-06
0.006670553337988865
0.014387439901685164
6.970501667546087e-07
0.012990917841562706
0.003496839631831317
0.0072117611711408494
0.012950588262116543
0.023501089058730038
1.3941003335092146e-06
0.0014563329369208914
0.0030364216993383993
1.3941003335092203e-06
0.004060758746004107
0.0008427989066864305
0.001676495302195835
0.0042610622300960355
0.02144036200046786
0.0010965653592796035
0.0035382557968881203
0.004820567297731289
8.713127084432601e-07
8.713127084432601e-07
0.006704541406594136
0.0047295966616204155
0.0025305856395869083
1.3941003335092146e-06
1.3941003335092146e-06
1.3941003335092146e-06
0.013732115876999714
1.3941003335092175e-06
0.03018894848209692
1.3941003335092146e-06
0.0012129719215912193
0.008808924700032252
0.007269287148180548
0.0019867147317071676
0.0018034324086661359
0.005910145366568499
0.0015399561009933316
0.001071736628464426
0.0011899030469879797
1.3941003335092146e-06
0.006283051374352633
0.0013056557241073253
2.0911505002638258e-06
0.007107457877173322
2.0911505002638203e-06
6.970501667546101e-07
0.023280789932614496
1.045575250131915e-06
0.0036067678539640365
1.3941003335092146e-06
1.3941003335092146e-06
0.0061717608627538
0.014347752452187161
1.3941003335092146e-06
0.026204914911235958
0.002571574742933671
0.005175750351889223
0.013392088043107975
0.016445686130210593
0.01422803916964243
0.01143852406277388
0.007868093560061764
0.0012040499887736229
0.010901660244557751
0.0018413791962325961
0.0018413791962325961
0.0018413791962325961
0.0050612832753922764
0.001884276559654939
0.01522899739538311
0.01616869499281347
0.0019145166840049638
1.3941003335092146e-06
0.0036689700727096783
0.0079347513374669
0.00800613434877169
0.00494957377411212
0.0085446211682247
0.009943250690330892
0.0010508227916334483
0.008762674409223825
0.005066583082022096
0.007744090868452708
1.3941003335092146e-06
0.007735722561460865
0.0012463178116662239
0.001617597642980314
0.00039642904027045706
0.0028434548965572738
0.0032710529842719196
0.002871400187459313
0.0062500920272923815
0.00165895319948985
0.00710600759821863
0.002297411151926179
0.004252079168987133
0.003444127869512264
0.001964739176718647
0.0035621330691558008
0.02320686239792781
0.03323004199223578
0.0037577273844153305
0.0008540394242167568
1.3941003335092146e-06
0.0038559282755294506
1.2546903001582956e-06
1.8820354502374432e-06
1.3941003335092146e-06
1.045575250131915e-06
9.584439792875895e-07
0.009254010405496673
0.009548237066298901
3.5848294290236897e-06
1.3941003335092146e-06
0.0052503444449990945
0.0012572740900068915
1.3941003335092146e-06
0.001347224391006962
0.007518116011043932
0.002378788072191891
1.3941003335092146e-06
1.3941003335092146e-06
0.0057332350278178346
0.03278374336357385
0.019824998453359634
0.013144412198324448
0.0011153648281425493
0.0010067115429111268
0.001676090116794082
0.010120284407246542
0.0060267599833667106
1.3941003335092146e-06
1.3941003335092203e-06
0.0028944351869175833
0.0020261846066643046
0.04664808233279026
1.3941003335092146e-06
1.916887958575179e-06
1.4376659689313841e-06
4.792219896437947e-07
0.008793383038653874
0.006068397717281075
0.00284217083619241
1.916887958575179e-06
4.879351167282267e-07
0.0036022699171549136
0.006596669189913757
0.014500415644283789
1.3941003335092146e-06
0.0010965653592796035
0.0012439261666354585
1.3941003335092146e-06
1.672920400211064e-06
1.3941003335092146e-06
0.008875398181010009
0.0010693731300839304
7.435201778715813e-07
0.02179447517522513
0.003071046280758501
0.006181025719573999
2.230560533614744e-06
1.3941003335092146e-06
0.0010663759613945393
2.0911505002638258e-06
0.008134581992798286
1.792414714511858e-06
1.792414714511858e-06
0.002348568074773472
1.3941003335092137e-06
0.0012439261666354585
6.970501667546106e-07
0.009308256544146541
0.0055427686613979755
0.007639878719608516
0.001961367016547572
0.0008655720632306041
0.012950588262116543
0.003287102477614828
6.273451500791478e-07
1.3941003335092203e-06
0.0005963235819615137
0.004852630052787181
2.0911505002638364e-06
6.970501667546086e-07
0.0021154347556113728
1.3941003335092203e-06
1.394100333509222e-06
1.045575250131915e-06
1.045575250131915e-06
1.5683628751978726e-06
2.09115050026383e-06
1.5683628751978726e-06
0.0005005887067526118
0.0016611557549719564
1.0455752501319152e-06
0.006587734451935328
0.002364468532767613
0.011861391142589701
0.008142808653862799
0.005369574426819416
4.792219896437947e-07
0.02339798877474082
0.01512898516507668
0.01081548885574466
0.0062056986375092936
0.002776547916696848
0.0032376024577372635
1.3941003335092146e-06
0.0017580892353884774
0.02320686239792781
0.022750492477271594
0.01072587456384144
0.015745525690546075
0.005838893333600231
7.435201778715813e-07
1.3941003335092146e-06
0.0024044009398186627
0.004861373862614382
1.3941003335092146e-06
0.003875381112655798
0.0018178296520668484
0.04670655735632428
1.3941003335092146e-06
0.01086155693489217
0.002588476991037073
0.006670553337988865
0.0035829004911504965
0.0022533284419327757
1.858800444678963e-06
0.005511705403171492
1.3941003335092146e-06
0.002826050451171293
0.004878849676711051
0.0009025612408852233
0.006609712296663338
9.294002223394815e-07
0.004040457975040691
0.001998055424901663
0.008042881263127643
0.005090100361759038
0.006447845085728482
0.0034978422741946988
0.004507517677362792
0.0019839080818988696
0.006179391154893785
1.858800444678963e-06
0.005795959571619773
0.0033655055726341727
0.004842894944511215
0.013951925691168932
0.007777771277172776
0.0010420739047722475
0.00209735765366473
0.0026610333925560768
0.004894378171456108
0.0035648179134598282
0.00617645514905326
1.3941003335092146e-06
0.001922651970117082
0.008442861104028332
1.3941003335092146e-06
2.0911505002638258e-06
0.02328078993261432
0.0012572740900068915
0.0050609726652187876
0.004227077233530277
9.294002223394815e-07
1.3941003335092146e-06
4.792219896437947e-07
0.013157195088761566
0.00165895319948985
0.026711496372270167
0.005509449029874496
0.007076931885525196
0.010795950298840354
0.0024317748316450088
0.00043821930743000046
0.004277692896453376
0.002571574742933671
0.004823434323043406
1.916887958575179e-06
2.3961099482189736e-06
0.006634318001209268
0.006378715383423601
0.008613075254704606
1.3941003335092146e-06
0.02304535034024278
0.003359408009693955
0.09329468129059126
0.02347097041272488
0.007129519671805922
0.001190933310357724
1.3941003335092146e-06
0.00165895319948985
0.0012525249719772733
0.0017773224566669033
0.001025340975254498
0.012966727329891653
0.007498621919432478
1.3443110358838834e-06
4.4810367862796116e-07
1.2546903001582952e-06
2.5093806003165913e-06
0.0022784423219733866
0.003786733848887168
2.0911505002638317e-06
1.3941003335092146e-06
0.01059074264278592
0.008035262977692225
0.002259929931471226
0.0035621330691558008
0.014316090291722159
0.006967883689927385
0.008382719372611034
1.593257524010529e-06
1.593257524010529e-06
1.593257524010529e-06
0.009792331790730989
1.3941003335092146e-06
0.011554861051761582
0.006545851746664019
0.007867621591232613
0.004367684174775569
2.0911505002638258e-06
1.5683628751978694e-06
0.009532603712601775
1.3941003335092146e-06
0.002146269869594442
1.3941003335092146e-06
0.002481279408069995
0.004373990093874735
0.0020250542356960335
0.005390137959669575
0.02892188901991188
0.004047144913612259
0.04666998176555422
0.0234819890596298
0.011320157633042883
0.0019947053328545944
0.007316886688770073
9.294002223394815e-07
1.858800444678963e-06
0.003422646203187692
0.0021523022024184787
0.006010570849638618
1.3941003335092137e-06
6.97050166754607e-07
0.005622550492486461
1.3941003335092146e-06
1.3941003335092205e-06
1.3941003335092205e-06
0.005113016553227435
0.006355559380523821
0.002697172949319505
1.3941003335092146e-06
0.01621676556424858
0.005915179514869383
0.00902805482170431
0.012388552155294295
0.02765562251316481
8.713127084432601e-07
0.0054618763792457685
0.010191251005104828
0.01807255267300721
0.009074301894773784
0.01845473667105941
0.001031984011819753
2.2405183931398054e-06
1.3443110358838834e-06
1.3941003335092146e-06
1.3941003335092146e-06
0.00203817310379675
1.0455752501319129e-06
1.3941003335092146e-06
5.57640133403687e-07
2.8753319378627682e-06
0.00165895319948985
0.012749573702482595
0.0015095335551194569
0.0035432230415262736
0.0029813483856046537
1.045575250131915e-06
1.045575250131915e-06
1.3941003335092146e-06
0.003503180530341655
0.011409765614862578
0.014442674672328555
0.00553569984531966
0.0010508227916334483
0.0036572144725722853
0.0014656405852868505
0.023427161524043515
0.02328078993261432
1.7426254168865203e-06
1.3941003335092146e-06
1.3941003335092146e-06
0.005775362478684245
2.230560533614744e-06
1.3941003335092146e-06
0.001602805230797207
0.0007963553022631592
0.013833137299702142
0.039554747040631354
0.03370820203251442
0.0034660111552535385
0.003298242604241934
0.0014438510907808985
0.003152067619417144
0.0032118800713088545
0.003312409710939131
0.0032549818186703478
0.0012714398348357856
0.0012714398348357856
1.3941003335092146e-06
0.0010241843544945466
1.3941003335092146e-06
1.3941003335092146e-06
0.008447786072022918
0.0023786689301814627
0.0023969733981989215
0.04670655735632439
0.023280789932614405
0.007711907687969461
0.00043821930743000046
1.3941003335092146e-06
0.0030005144468439045
0.0025152066915335195
0.0011899030469879797
0.005175750351889223
0.004172892358930585
0.002003414838324636
0.0035904918809502003
2.0911505002638258e-06
0.01543006849861226
0.008101924884835692
0.0045101551501217745
0.005244581431201828
0.0013276996429481861
0.0231822198863656
0.023476446547167826
0.0699859531886051
1.3941003335092146e-06
0.023476446547167826
1.3941003335092146e-06
0.0011992254838828528
0.003265406041411319
0.0037882366667233193
0.00165895319948985
0.00165895319948985
0.0019889130337669967
0.002476014521517487
0.0016280597309622803
0.0018413791962325961
9.294002223394815e-07
1.858800444678963e-06
1.858800444678963e-06
0.006631399251763126
0.00534446058907786
0.007864741263090686
0.005820554052585191
1.3941003335092146e-06
1.3941003335092146e-06
0.006136503843118194
0.012410218568907708
0.0032301716494164434
0.026005175390233306
6.970501667546089e-07
0.00165895319948985
0.0019145166840049638
1.3941003335092205e-06
0.04670655735632494
0.005809173542759487
0.005743677072954832
5.57640133403687e-07
0.005790952511082742
0.002003414838324636
0.013082155228104677
0.00084361220933551
0.007751632135075189
1.3941003335092146e-06
1.3941003335092146e-06
0.0004063009336859476
0.0020351559256723798
0.0020351559256723798
1.3941003335092146e-06
0.0016611557549719564
0.0016611557549719564
0.009438656020396877
0.0020361137970600664
0.007290775111201277
0.06998595318860497
1.3941003335092146e-06
0.007248737963526599
0.001157117524494044
0.0004046585653725752
1.858800444678963e-06
1.858800444678963e-06
9.294002223394815e-07
0.0015661070138441476
1.3941003335092146e-06
0.035066859440183874
0.00447775955627802
0.008139093913836826
0.002697507796469361
0.006149059219080105
5.974715715039526e-07
1.3941003335092146e-06
1.3941003335092203e-06
1.3941003335092146e-06
1.3941003335092146e-06
0.004250601759968458
0.04670655735632494
0.003662368037814486
0.003849028664156046
0.005049632447293882
1.3941003335092146e-06
1.3941003335092146e-06
1.3941003335092146e-06
0.00245743269691047
0.004294054769494245
0.0009627432338292475
0.008662323520226351
0.0033686634813723075
0.0016611557549719564
0.0032811089467232038
0.0016302214619095207
0.00198900224345568
0.0029741519717621945
0.01008056852617263
1.3941003335092171e-06
1.3941003335092146e-06
8.364602001055294e-07
0.04670655735632494
1.3941003335092146e-06
0.002589100238524595
1.3941003335092146e-06
0.003963061076182955
9.294002223394779e-07
0.0018731498933842337
1.3941003335092146e-06
0.04670655735632494
1.3941003335092146e-06
1.3941003335092146e-06
1.3941003335092146e-06
1.3941003335092146e-06
1.3941003335092146e-06
1.3941003335092146e-06
1.3941003335092146e-06
2.0911505002638317e-06
0.0034251271669354217
1.3941003335092146e-06
2.0911505002638334e-06
0.0012822844370867005
0.04670655735632494
1.3941003335092146e-06
0.005834540926293148
1.3941003335092146e-06
1.3941003335092146e-06
1.3941003335092146e-06
1.3941003335092205e-06
0.010450344611746857
0.0027552974930266467
6.970501667546106e-07
0.006996888092427649
1.3941003335092146e-06
2.2305605336147415e-06
0.00573008103113156
0.0030829751904867405
1.3941003335092146e-06
0.001278278594454958
1.0455752501319182e-06
1.3941003335092146e-06
0.03346693600758711
1.3941003335092146e-06
0.0024273404970333898
1.3941003335092146e-06
1.394100333509222e-06
2.09115050026383e-06
1.3941003335092146e-06
0.04670655735632428
1.3941003335092146e-06
1.3941003335092146e-06
0.023427161524043515
0.023280789932614496
1.3941003335092146e-06
0.037558142592158256
0.012918360303102453
1.2198377918205616e-06
2.0911505002638317e-06
1.3941003335092146e-06
0.0037171752224751504
1.3941003335092146e-06
0.04670655735632494
1.3941003335092146e-06
1.3941003335092146e-06
0.0014118159445962249
9.957859525065843e-07
0.003150987118242615
2.573723692632403e-06
2.0911505002638364e-06
1.858800444678963e-06
5.808751389621754e-07
2.0911505002638334e-06
1.3941003335092146e-06
1.1949431430079053e-06
1.3941003335092146e-06
0.006757743877262783
1.3941003335092146e-06
0.02328078993261432
2.0911505002638317e-06
0.003223192238422067
1.6729204002110524e-06
0.017753790487908278
0.01346637535983727
9.294002223394779e-07
1.3941003335092146e-06
1.1949431430079053e-06
1.3941003335092203e-06
1.3941003335092146e-06
0.002999778267029661
1.3941003335092146e-06
1.3941003335092146e-06
0.004440867477670773
6.099188959102807e-07
0.006441803212581411
1.858800444678963e-06
1.3941003335092146e-06
1.1152802668073758e-06
0.006996888092427649
0.002836892880119058
9.294002223394815e-07
0.006469968985232264
1.3941003335092146e-06
1.3941003335092146e-06
6.970501667546111e-07
0.02168400241287263
0.000839163895262936
1.3941003335092146e-06
0.05914411122398531
6.970501667546089e-07
1.3941003335092146e-06
0.023427161524043515
0.0010613091733005125
0.0025065541643120534
1.3941003335092146e-06
0.008583503072128032
0.0011114439457798493
1.3941003335092146e-06
1.3941003335092177e-06
1.3941003335092146e-06
1.3941003335092146e-06
1.3941003335092146e-06
0.006885981324519784
1.3941003335092146e-06
1.3941003335092146e-06
1.3941003335092146e-06
1.3941003335092146e-06
6.970501667546106e-07
1.3941003335092146e-06
2.3235005558486947e-06
1.3941003335092146e-06
1.3941003335092146e-06
1.3941003335092146e-06
1.2868618463162025e-06
0.02328078993261432
0.01649296203406336
1.3941003335092146e-06
1.3941003335092146e-06
1.3941003335092146e-06
0.0022250002111427235
1.3941003335092146e-06
0.001481322533228648
1.7426254168865237e-06
0.002694411885380475
1.3941003335092146e-06
0.02470703343925431
6.970501667546089e-07
2.489464881266461e-06
1.2546903001582975e-06
1.3941003335092146e-06
1.3941003335092146e-06
0.0022160806140232754
1.3941003335092146e-06
1.3941003335092146e-06
0.019262298381273833
1.1949431430079053e-06
6.970501667546106e-07
0.029281308304642154
1.3941003335092177e-06
1.3941003335092152e-06
0.013993380557448028
1.3941003335092146e-06
0.004486957032095029
0.004002490890055541
0.023501089058730038
0.0021129529213285867
1.3941003335092146e-06
0.0012497286932666518
0.011567164481787472
1.3941003335092146e-06
0.0010532957121295664
0.011861391142589701
1.161750277924351e-06
1.3941003335092146e-06
0.01102010122464367
1.3941003335092146e-06
1.3941003335092146e-06
0.06998595318860497
1.3941003335092146e-06
1.394100333509217e-06
0.035066859440183874
1.3941003335092146e-06
1.3941003335092146e-06
0.008229942175404308
0.003703532533695994
1.858800444678963e-06
0.002789243868702446
0.0023924328861223637
1.3941003335092146e-06
9.294002223394815e-07
9.294002223394815e-07
1.3941003335092146e-06
1.3941003335092146e-06
1.3941003335092146e-06
0.0032090368723164046
1.3941003335092146e-06
1.3941003335092146e-06
1.3941003335092146e-06
0.009159045553729846
1.3941003335092146e-06
1.3941003335092146e-06
0.009973283540123447
0.005219904731998433
1.3941003335092146e-06
0.008170807311763392
0.008614065578527987
0.04670655735632494
1.3941003335092146e-06
0.0013346931572776088
0.04670655735632494
0.0024680661423569904
1.3941003335092146e-06
1.3941003335092146e-06
1.2868618463162025e-06
0.03342477762660999
1.3941003335092146e-06
0.00500010885865742
0.0011408118355253768
1.3941003335092146e-06
0.004200198162810548
1.3941003335092146e-06
1.3941003335092146e-06
0.0013262442787942987
0.004044395422378255
0.004092404182499511
1.8588004446789558e-06
1.3941003335092146e-06
1.3941003335092146e-06
9.29400222339478e-07
0.0011054931655777981
0.008354354474940838
0.001149638289510423
1.3941003335092146e-06
1.3941003335092146e-06
1.3941003335092146e-06
1.3941003335092146e-06
1.3941003335092203e-06
1.3941003335092146e-06
0.0024532275510979386
0.0049672152798191675
1.3941003335092146e-06
0.007222793228333825
0.0034611346837880486
0.0131659189238713
0.027363810435487725
0.0010629417547845903
1.1152802668073708e-06
9.294002223394815e-07
1.3941003335092146e-06
6.970501667546095e-07
0.003528392380821442
1.858800444678963e-06
0.014368598569517572
1.3941003335092146e-06
1.3941003335092146e-06
9.29400222339478e-07
1.3941003335092146e-06
0.008491916658984725
0.027290976433088584
1.3941003335092146e-06
0.018144788920511752
0.035706857404495064
1.3941003335092146e-06
1.3941003335092146e-06
0.021401841328928087
0.003528392380821442
0.027290976433088584
0.04378405421567699
0.023427161524043515
0.0021163540690089266
0.003599261420169892
1.3941003335092146e-06
0.04670655735632494
1.3941003335092146e-06
1.3941003335092146e-06
9.294002223394815e-07
1.3941003335092146e-06
0.026720445586913024
0.027945216664108444
0.0025114603324889848
1.3941003335092146e-06
1.3941003335092146e-06
1.3941003335092146e-06
0.007936625773455303
0.0031789632691390213
0.02328078993261432
0.0025051248848656136
0.0022601907150971725
0.026914574850678493
0.0020214118575284435
6.099188959102837e-07
0.02437090599450078
0.012740575211942802
1.39410033350922e-06
0.003293587274514282
1.3941003335092146e-06
6.434309231581006e-07
1.1152802668073708e-06
1.3941003335092146e-06
2.5093806003165883e-06
1.3941003335092146e-06
0.0006122937384883774
1.3941003335092146e-06
0.0010580054021650243
1.3941003335092146e-06
0.0011443215088331534
1.2868618463162025e-06
0.04670655735632494
6.43430923158101e-07
0.003422928694460974
0.005883334395531927
1.3941003335092146e-06
0.016607109484532197
0.000839163895262936
1.3941003335092203e-06
1.3941003335092146e-06
1.3941003335092146e-06
0.005156685514221939
1.3941003335092146e-06
1.3941003335092146e-06
1.3941003335092146e-06
5.576401334036854e-07
1.3941003335092146e-06
2.0911505002638317e-06
0.02328078993261438
1.3941003335092146e-06
5.974715715039526e-07
1.3941003335092146e-06
1.3941003335092146e-06
1.3941003335092146e-06
4.978929762532921e-07
1.3941003335092146e-06
0.0026445301999035785
1.2198377918205616e-06
0.02328078993261432
1.3941003335092146e-06
0.0012060260268427444
0.0009207406251376932
1.3941003335092203e-06
9.294002223394815e-07
1.858800444678963e-06
1.3941003335092146e-06
1.3941003335092146e-06
1.3941003335092146e-06
1.3941003335092146e-06
1.3941003335092146e-06
1.3941003335092146e-06
1.3941003335092146e-06
0.002076944447103468
1.3941003335092146e-06
1.3941003335092146e-06
0.0010498224207590935
0.0031097091174348596
0.0031097091174348596
0.026679375896323656
0.009129076337135581
0.01782518274061178
2.573723692632405e-06
6.434309231581006e-07
1.3941003335092146e-06
1.3941003335092146e-06
1.3941003335092146e-06
0.004766792927268355
0.06262624896091805
1.394100333509222e-06
1.3941003335092203e-06
0.01955652504207606
0.01955652504207606
0.0052955409428751665
1.3941003335092146e-06
1.3941003335092146e-06
0.023280789932614496
1.858800444678963e-06
0.008491224691151555
1.3941003335092146e-06
0.001232348550507856
1.858800444678956e-06
0.023427161524043515
1.3941003335092146e-06
0.0024157677094467913
1.3941003335092146e-06
1.5683628751978724e-06
0.01427142772928979
1.3941003335092146e-06
1.7426254168865237e-06
1.3941003335092146e-06
1.3941003335092146e-06
1.3941003335092146e-06
1.3941003335092146e-06
1.3941003335092146e-06
1.3941003335092146e-06
1.3941003335092146e-06
1.3941003335092146e-06
0.023280789932614496
0.011567164481787472
1.3941003335092146e-06
1.3941003335092146e-06
0.007653109103203298
0.023427161524043515
1.3941003335092146e-06
1.3941003335092146e-06
0.0016889651414277347
0.017605547810369954
0.012542517724507856
1.3941003335092146e-06
0.02328078993261432
0.006889251683820178
0.01619988745573122
0.01673729287234901
0.016187581206977025
1.3941003335092146e-06
0.0015439094417791606
1.3941003335092146e-06
1.6729204002110524e-06
0.019553334427497644
0.004360576361183353
0.006452060638308073
1.6729204002110632e-06
1.2546903001582975e-06
0.0029504852778592583
0.02328078993261432
0.011567164481787472
0.002779729254227508
1.3941003335092203e-06
1.3941003335092146e-06
0.006441803212581411
0.009846731186331545
1.3941003335092146e-06
0.024828031379330328
0.031138139811790762
0.04656018576489537
0.015716183236296494
6.434309231581006e-07
1.3941003335092146e-06
1.3941003335092146e-06
1.3941003335092146e-06
0.01233581461017943
0.04470875138409247
0.0444019134094462
0.05940105840231487
0.04466901573117925
0.04470875138409247
0.029912299959161587
1.3941003335092146e-06
1.3941003335092146e-06
1.3941003335092146e-06
0.004046242046597679
0.0025191362168931796
1.3941003335092146e-06
1.3941003335092146e-06
1.3941003335092146e-06
1.3941003335092146e-06
0.00999740212902615
1.3941003335092146e-06
1.3941003335092146e-06
0.0034615064045480865
1.3941003335092146e-06
1.3941003335092146e-06
1.3941003335092146e-06
1.3941003335092146e-06
1.3941003335092146e-06
0.006736777336283882
0.0025491303430028632
0.0025491303430028632
0.0034611346837880486
1.3941003335092146e-06
1.3941003335092146e-06
1.3941003335092146e-06
1.3941003335092146e-06
0.014561255006585406
1.3941003335092146e-06
0.04670655735632439
0.0013139368422022603
1.3941003335092146e-06
0.01664322197941055
0.0032008411472096237
1.3941003335092146e-06
0.0025632458174146685
1.3941003335092146e-06
1.3941003335092146e-06
0.005896914551236674
0.008283161961289058
1.3941003335092146e-06
1.3941003335092146e-06
1.3941003335092146e-06
0.023427161524043515
1.3941003335092146e-06
1.3941003335092146e-06
0.008524588053509637
0.04670655735632494
0.01758260388931075
0.00258030000849729
0.006495006046430477
0.0025953075130254284
1.3941003335092146e-06
0.004024461595049606
1.3941003335092146e-06
1.3941003335092146e-06
1.3941003335092205e-06
1.3941003335092146e-06
0.002487685587909038
0.008453644921756785
1.3941003335092146e-06
1.3941003335092146e-06
1.3941003335092146e-06
0.01656987092581013
0.009973283540123449
0.010194301651268
1.3941003335092146e-06
0.008058917955824831
1.3941003335092146e-06
1.3941003335092146e-06
1.3941003335092146e-06
1.3941003335092146e-06
1.3941003335092146e-06
0.0010285950514262118
1.3941003335092146e-06
1.3941003335092146e-06
2.2305605336147415e-06
0.0025815180777406443
0.006476723296200105
0.013189444264694383
0.027933326939398494
1.3941003335092146e-06
5.80875138962175e-07
1.3941003335092146e-06
0.005219904731998433
0.0032008411472096237
0.005135582011721354
0.02328078993261432
0.007044573710519489
1.3941003335092146e-06
1.3941003335092146e-06
1.3941003335092146e-06
0.053345117339552245
1.3941003335092146e-06
1.3941003335092146e-06
1.3941003335092146e-06
1.3941003335092146e-06
0.04670655735632494
0.04670655735632494
1.3941003335092146e-06
1.3941003335092146e-06
0.0012104836347926772
0.0101871200118176
1.3941003335092146e-06
1.3941003335092146e-06
0.006596086639180343
1.3941003335092146e-06
1.3941003335092146e-06
0.023427161524043515
0.00613342489180475
1.3941003335092146e-06
0.008320466057449379
0.00695261833995411
1.3941003335092146e-06
1.7426254168865262e-06
0.003739275552714526
1.3941003335092146e-06
8.364602001055262e-07
8.364602001055294e-07
0.002313850128772983
0.007178254530303073
0.0018979963385143475
1.3941003335092146e-06
0.0022544739388133225
1.3941003335092146e-06
0.013442512618091986
0.0077684772013582705
1.7426254168865262e-06
1.3941003335092146e-06
1.3941003335092146e-06
1.3941003335092146e-06
1.3941003335092146e-06
0.0011332862427816343
1.3941003335092146e-06
0.007451131345472629
1.3941003335092146e-06
1.3941003335092146e-06
2.091150500263823e-06
1.3941003335092146e-06
1.3941003335092146e-06
1.3941003335092146e-06
5.974715715039526e-07
1.3941003335092146e-06
1.3941003335092146e-06
1.3941003335092146e-06
1.3941003335092146e-06
0.0036336911923693384
1.3941003335092146e-06
0.02474896085637599
1.3941003335092146e-06
1.3941003335092146e-06
0.008429422670553887
0.04670655735632494
1.3941003335092146e-06
0.015648175852790512
0.0024451446092435625
1.3941003335092146e-06
1.3941003335092146e-06
1.858800444678963e-06
0.0032772694692537064
5.227876250659575e-07
2.09115050026383e-06
1.3941003335092146e-06
1.3941003335092146e-06
0.007774804429679034
2.3235005558486947e-06
1.3941003335092171e-06
0.04670655735632494
1.3941003335092146e-06
1.3941003335092146e-06
1.3941003335092146e-06
0.0018736971633895936
0.0023752503913387515
0.008143781029214574
1.3941003335092146e-06
0.0021360720568969096
0.002176603757134994
1.3941003335092146e-06
6.970501667546111e-07
1.3941003335092146e-06
0.012626550318011711
1.3941003335092146e-06
1.3941003335092146e-06
1.3941003335092146e-06
1.3941003335092146e-06
1.3941003335092146e-06
3.4852508337730414e-06
6.970501667546084e-07
1.3941003335092167e-06
0.035066859440183874
0.010399971708118618
0.0010319315928151403
0.02320686239792781
0.004034804791584633
0.026914574850678493
1.3941003335092146e-06
1.3941003335092146e-06
0.04670655735632494
1.3941003335092146e-06
1.3941003335092146e-06
1.3941003335092146e-06
1.3941003335092146e-06
1.3941003335092146e-06
0.035086218120279684
1.3941003335092146e-06
1.3941003335092146e-06
1.3941003335092146e-06
0.005672056030893618
1.3941003335092146e-06
1.3941003335092146e-06
1.3941003335092146e-06
1.3941003335092146e-06
1.3941003335092146e-06
4.182301000527653e-06
0.0033394601214069876
1.3941003335092146e-06
1.3941003335092146e-06
1.3941003335092146e-06
1.3941003335092146e-06
1.3941003335092146e-06
0.023958056992099405
0.0233758373653091
1.3941003335092146e-06
1.3941003335092146e-06
0.002836892880119058
1.3941003335092146e-06
0.001021185883923302
1.3941003335092146e-06
1.672920400211064e-06
7.435201778715813e-07
7.435201778715813e-07
0.009550623753512002
0.009550623753512002
1.3941003335092146e-06
1.3941003335092146e-06
1.3941003335092146e-06
0.010922645102397018
0.0022809387855445696
1.3941003335092146e-06
1.3941003335092146e-06
1.3941003335092146e-06
0.002119943538957626
0.00771190768796945
1.3941003335092146e-06
0.007789378262969509
0.0194881763477781
0.0026310690499784612
1.3941003335092146e-06
1.3941003335092146e-06
0.0020214118575284435
0.06998595318860497
5.227876250659575e-07
6.970501667546106e-07
1.3941003335092146e-06
0.0014080286436592166
9.294002223394815e-07
1.3941003335092146e-06
1.3941003335092146e-06
1.1617502779243495e-06
2.9043756948108738e-06
1.3941003335092146e-06
0.001120137202308539
1.3941003335092146e-06
1.3941003335092146e-06
0.054482440363419614
0.04670655735632439
1.3941003335092146e-06
1.858800444678963e-06
1.858800444678963e-06
9.294002223394815e-07
1.3941003335092146e-06
1.3941003335092146e-06
0.0033575889436983416
1.3941003335092146e-06
1.3941003335092146e-06
0.0050348389480640385
0.011567861531954179
0.006221621555417339
0.011929838939458308
9.294002223394815e-07
1.3941003335092146e-06
1.3941003335092146e-06
0.0034251271669354217
1.3941003335092203e-06
1.3941003335092146e-06
1.3941003335092146e-06
1.3941003335092146e-06
0.04670655735632494
1.3941003335092146e-06
0.023427161524043515
0.0037553613445902765
1.3941003335092146e-06
1.3941003335092146e-06
1.3941003335092146e-06
0.02328078993261432
1.3941003335092146e-06
1.3941003335092146e-06
1.3941003335092146e-06
1.3941003335092146e-06
1.3941003335092146e-06
0.0013388691594071812
0.04670655735632439
0.023427161524043515
0.02328078993261432
0.0031053435937819945
0.0010285950514262118
1.3941003335092146e-06
1.3941003335092146e-06
0.0013858378992715184
0.011621733336378379
1.3941003335092146e-06
0.006628928382332639
1.3941003335092146e-06
1.3941003335092146e-06
1.3941003335092146e-06
1.3941003335092146e-06
1.3941003335092146e-06
0.035066859440183874
1.3941003335092146e-06
1.3941003335092146e-06
1.3941003335092146e-06
1.3941003335092146e-06
1.3941003335092146e-06
1.3941003335092146e-06
1.3941003335092146e-06
1.3941003335092203e-06
1.3941003335092146e-06
1.3941003335092146e-06
1.3941003335092146e-06
1.1949431430079053e-06
0.003470062492099066
1.3941003335092146e-06
5.974715715039526e-07
5.974715715039526e-07
1.3941003335092146e-06
5.974715715039526e-07
6.572187286543479e-06
1.3941003335092146e-06
1.1949431430079053e-06
5.974715715039526e-07
1.1949431430079053e-06
1.3941003335092146e-06
0.008170807311763392
1.3941003335092146e-06
1.3941003335092146e-06
1.3941003335092146e-06
1.3941003335092146e-06
1.3941003335092146e-06
1.3941003335092146e-06
1.3941003335092146e-06
0.012554227951925527
0.002313850128772983
1.3941003335092146e-06
9.294002223394815e-07
1.3941003335092146e-06
1.3941003335092146e-06
1.3941003335092146e-06
0.0026693011066784463
1.3941003335092146e-06
1.3941003335092146e-06
0.0009207406251376932
0.006754721958302331
1.858800444678963e-06
0.0035001005437323186
0.026580008909874834
0.026720445586913024
0.035307656141023665
0.017869734343282123
0.016746418006640403
1.3941003335092146e-06
1.3941003335092146e-06
1.3941003335092146e-06
1.3941003335092146e-06
6.970501667546106e-07
1.3941003335092146e-06
0.004134597202601219
0.0024369240281262084
0.09691955460953842
0.019262298381273833
1.3941003335092203e-06
1.3941003335092146e-06
1.3941003335092146e-06
1.3941003335092146e-06
1.3941003335092146e-06
0.04670655735632439
0.004218869713075983
0.012978537812853295
0.008724048774257377
9.294002223394815e-07
0.0012103558153949406
0.002436054955671206
1.3941003335092146e-06
1.3941003335092146e-06
0.0023924328861223637
0.016394267275491488
0.0036223652019555254
0.007308936627664314
1.3941003335092146e-06
1.3941003335092146e-06
1.3941003335092146e-06
1.3941003335092146e-06
0.02624687394947574
0.0027850193829312467
1.5683628751978724e-06
1.3941003335092146e-06
1.3941003335092146e-06
1.3941003335092146e-06
1.3941003335092146e-06
1.3941003335092146e-06
0.006944926544730042
1.858800444678963e-06
2.0911505002638317e-06
1.3941003335092171e-06
1.3941003335092146e-06
0.06262624896091804
1.0455752501319182e-06
1.0455752501319182e-06
0.00771190768796945
1.0455752501319156e-06
1.3941003335092146e-06
1.3941003335092146e-06
0.0038801786683174497
0.003882854683749805
0.0015789232325820054
0.020898442093854306
0.002572761640808637
1.3941003335092146e-06
1.7426254168865243e-06
1.3941003335092146e-06
0.004452701314394336
0.04670655735632494
0.04670655735632494
3.0495944795514044e-06
2.4396755836411232e-06
6.099188959102809e-07
6.099188959102807e-07
1.3941003335092146e-06
1.3941003335092146e-06
0.012740575211942802
1.3941003335092146e-06
1.3941003335092146e-06
1.3941003335092146e-06
1.3941003335092146e-06
1.3941003335092146e-06
1.3941003335092146e-06
1.3941003335092146e-06
1.3941003335092146e-06
1.3941003335092146e-06
1.3941003335092146e-06
1.3941003335092146e-06
1.3941003335092146e-06
1.3941003335092146e-06
0.004357866929146887
0.002165368799085873
1.3941003335092146e-06
1.9915719050131686e-06
0.04670655735632494
1.3941003335092146e-06
1.3941003335092146e-06
0.0033394601214069876
0.0013855251003282731
0.002788614290353966
1.3941003335092137e-06
1.3941003335092137e-06
6.97050166754607e-07
2.0911505002638203e-06
0.009684952659583385
1.3941003335092146e-06
1.3941003335092203e-06
9.294002223394815e-07
1.3941003335092146e-06
1.3941003335092146e-06
1.3941003335092146e-06
1.3941003335092146e-06
0.0019117326958080529
4.64700111169739e-07
0.013938109267434835
0.014159127378579385
0.00930675150565537
6.970501667546101e-07
2.091150500263831e-06
1.3941003335092146e-06
1.3941003335092146e-06
1.3941003335092146e-06
0.0052955409428751665
0.04670655735632494
1.858800444678963e-06
9.294002223394815e-07
0.029023536643041456
1.858800444678963e-06
1.394100333509222e-06
1.3941003335092146e-06
0.0034611346837880486
6.970501667546083e-07
6.970501667546083e-07
0.04670655735632494
0.0015439094417791606
1.3941003335092146e-06
0.003392693142698766
1.3941003335092146e-06
1.394100333509219e-06
0.007090766767635777
0.0011046628473548488
0.0022233290396629886
0.00868116752536254
0.035647322395305096
3.2171546157905033e-06
0.04670655735632439
7.435201778715813e-07
0.006273508268675993
0.003445048891912298
0.004152681042858727
0.005933419463703356
1.1152802668073708e-06
1.394100333509222e-06
1.3941003335092203e-06
1.3941003335092146e-06
1.3941003335092146e-06
1.3941003335092146e-06
9.294002223394815e-07
1.3941003335092146e-06
0.0010629417547845903
1.3941003335092146e-06
1.3941003335092146e-06
1.3941003335092146e-06
0.0016889651414277347
1.3941003335092146e-06
0.11451914484150813
0.04892970987728094
0.016551046278116918
0.08150712754298436
0.08141249628372502
0.050011847673114944
1.3941003335092146e-06
0.0033381096332480123
1.3941003335092146e-06
0.007433272492344139
0.003972115202359648
1.3941003335092146e-06
0.012811052921323896
0.002655651678998136
6.970501667546089e-07
1.3941003335092177e-06
0.004632451026426006
0.02328078993261432
0.0013257604212163717
0.004507624012429777
0.0012822844370867005
0.05834168502281357
0.04378405421567699
0.002410333647295436
0.035066859440183874
1.3941003335092203e-06
1.3941003335092146e-06
1.1949431430079053e-06
0.001218958782913864
9.957859525065843e-07
1.3941003335092146e-06
9.294002223394815e-07
1.858800444678963e-06
1.3941003335092146e-06
0.008006134348771678
1.3941003335092146e-06
0.00930675150565537
0.01764077667370201
0.0058432195308837885
0.016873608479675926
0.008119340520215379
0.0012822844370867005
9.294002223394815e-07
1.858800444678963e-06
1.3941003335092146e-06
0.0040045041975458485
1.3941003335092146e-06
1.3941003335092146e-06
1.3941003335092146e-06
1.7426254168865262e-06
1.3941003335092146e-06
1.3941003335092146e-06
6.970501667546111e-07
2.0911505002638334e-06
1.3941003335092175e-06
1.1617502779243493e-06
0.0496668347504011
0.03734893198214194
0.012108692158242845
0.006477018439337009
0.023427161524043515
0.003163047614398585
0.0011801450407691162
0.010063607643599525
0.001149638289510423
0.0023385304352434863
0.007429529315494724
0.007060530066533622
0.0022754986785849004
1.3941003335092146e-06
0.004736569510809319
0.007081629884424321
1.3941003335092146e-06
1.3941003335092146e-06
1.858800444678963e-06
1.3941003335092146e-06
0.054482440363419614
1.3941003335092146e-06
1.3941003335092146e-06
1.3941003335092146e-06
1.3941003335092146e-06
1.3941003335092146e-06
0.0032827731566966905
1.3941003335092146e-06
1.3941003335092146e-06
1.3941003335092146e-06
0.019772955935390857
0.0392054175906593
0.0032181103664044846
0.001021185883923302
0.0021294226279065494
1.3941003335092146e-06
1.3941003335092146e-06
1.3941003335092146e-06
0.10867144703027808
1.3941003335092146e-06
1.3941003335092146e-06
1.3941003335092146e-06
0.017606410711519437
1.3941003335092146e-06
1.3941003335092146e-06
6.970501667546088e-07
1.3941003335092146e-06
1.3941003335092146e-06
1.3941003335092146e-06
1.3941003335092146e-06
0.0021608483798472205
0.0010736193016839513
1.3941003335092146e-06
0.002393137681988493
1.3941003335092146e-06
1.3941003335092146e-06
0.004585823178473386
1.3941003335092146e-06
1.3941003335092146e-06
1.3941003335092146e-06
0.008873569417018
1.3941003335092146e-06
1.3941003335092146e-06
1.3941003335092146e-06
0.003427605579354176
0.006898664415292806
1.3941003335092146e-06
0.011861391142589701
1.3941003335092146e-06
1.3941003335092146e-06
0.008197689998182496
0.007481475163873438
0.03197465130885377
1.3941003335092146e-06
1.3941003335092146e-06
0.04670655735632494
1.1617502779243493e-06
0.01378735302991947
1.3941003335092146e-06
0.027363810435487725
1.3941003335092146e-06
1.3941003335092146e-06
1.3941003335092146e-06
1.3941003335092146e-06
0.024784503610521546
1.3941003335092146e-06
1.3941003335092146e-06
1.3941003335092146e-06
0.05834168502281357
0.0029814236880044316
1.3941003335092146e-06
0.0006258177883029301
1.3941003335092146e-06
0.016551046278116918
0.0087764350340374
1.3941003335092146e-06
1.3941003335092146e-06
1.3941003335092146e-06
1.3941003335092146e-06
1.3941003335092146e-06
1.3941003335092146e-06
0.004079927880381255
1.3941003335092146e-06
0.0017024360507217318
1.3941003335092146e-06
1.3941003335092146e-06
1.3941003335092146e-06
1.3941003335092146e-06
1.3941003335092146e-06
1.3941003335092146e-06