0 690 
0 55 
0 415 
0 691 
0 446 
0 0 
0 670 
0 585 
0 591 
0 111 
0 784 
0 545 
0 724 
0 514 
0 474 
0 954 
0 99 
0 783 
0 433 
0 915 
0 80 
0 359 
0 0 
0 65 
0 670 
0 961 
0 881 
0 844 
0 961 
1 153 
1 732 
1 1937 
2 962 
3 634 
4 588 
5 36 
5 63 
5 949 
5 97 
5 603 
5 97 
5 916 
6 682 
6 64 
6 20 
6 663 
7 390 
7 616 
7 1001 
7 1004 
8 868 
9 970 
9 260 
9 202 
9 820 
9 559 
9 158 
10 390 
10 440 
11 945 
11 387 
12 508 
12 777 
12 1741 
13 250 
14 868 
14 544 
14 1630 
15 390 
16 145 
17 663 
17 832 
17 601 
17 488 
18 59 
18 847 
19 495 
20 6 
20 663 
21 1678 
21 680 
22 303 
22 469 
22 599 
22 455 
22 899 
22 118 
22 335 
22 668 
22 699 
22 390 
23 309 
24 947 
24 952 
24 406 
24 392 
24 127 
24 685 
25 655 
25 357 
25 69 
25 683 
25 888 
25 296 
25 461 
26 1634 
26 263 
26 86 
27 393 
28 105 
28 106 
28 48 
28 987 
28 153 
28 633 
28 54 
28 422 
28 275 
28 522 
28 390 
28 999 
28 714 
28 748 
29 793 
29 818 
29 740 
29 859 
29 792 
30 2064 
30 1650 
30 1788 
30 1203 
30 1282 
30 2149 
30 471 
30 505 
31 2082 
31 2202 
31 2665 
31 646 
31 2812 
31 2774 
31 779 
31 1357 
31 1282 
31 3028 
31 732 
31 1740 
31 882 
31 297 
31 471 
32 686 
32 697 
32 687 
32 665 
32 592 
32 845 
33 260 
34 366 
34 828 
34 697 
34 1587 
34 180 
34 699 
35 500 
35 92 
35 643 
35 814 
36 5 
36 274 
36 329 
36 661 
36 97 
36 916 
37 310 
37 2464 
37 1267 
37 1724 
37 828 
37 444 
37 182 
37 79 
38 643 
39 1010 
39 488 
40 146 
40 625 
40 621 
40 480 
40 148 
40 411 
40 177 
40 849 
40 847 
40 660 
41 2773 
41 418 
42 644 
42 488 
42 487 
43 847 
44 868 
44 632 
44 678 
45 751 
45 733 
46 847 
47 778 
48 106 
48 28 
48 422 
48 748 
49 847 
50 763 
51 470 
51 438 
51 481 
51 355 
51 597 
51 516 
51 356 
51 483 
51 482 
51 439 
51 318 
51 747 
51 364 
51 390 
51 616 
51 1005 
52 612 
53 309 
53 161 
54 422 
54 956 
54 714 
54 999 
54 275 
54 748 
54 184 
54 522 
54 699 
54 390 
54 67 
54 28 
54 998 
55 971 
55 3279 
55 0 
55 972 
56 3291 
56 1824 
56 1492 
56 172 
56 505 
57 1127 
57 157 
57 1636 
57 1253 
57 1682 
57 1981 
57 1536 
57 1769 
58 180 
58 302 
58 697 
58 554 
58 414 
58 439 
58 390 
59 18 
59 604 
59 847 
60 443 
60 586 
61 944 
61 986 
62 802 
62 2593 
63 949 
63 5 
63 661 
63 916 
63 329 
63 97 
63 274 
64 210 
64 239 
64 91 
64 569 
64 643 
64 6 
65 0 
65 152 
65 876 
65 266 
65 218 
66 331 
67 105 
67 176 
67 54 
67 1000 
67 999 
67 714 
67 616 
67 998 
67 291 
67 748 
68 301 
69 355 
69 516 
69 356 
69 265 
69 505 
69 25 
69 461 
69 296 
69 372 
69 276 
69 338 
70 750 
70 659 
70 631 
71 939 
71 190 
72 674 
74 991 
75 495 
76 674 
77 813 
77 916 
78 732 
78 534 
78 505 
79 278 
79 2460 
79 460 
79 2677 
79 3162 
79 1019 
79 37 
79 828 
79 1724 
80 269 
80 1545 
80 0 
81 847 
82 658 
82 390 
83 643 
83 274 
84 743 
84 986 
85 366 
85 619 
85 699 
85 698 
85 390 
86 626 
86 797 
86 585 
86 460 
86 769 
86 1006 
86 461 
86 262 
86 26 
86 539 
87 87 
87 597 
87 87 
88 1998 
88 1281 
88 152 
88 154 
88 1999 
88 779 
88 2073 
88 780 
88 266 
89 546 
89 548 
89 788 
90 862 
90 1631 
91 795 
91 682 
91 64 
92 35 
93 447 
93 763 
93 800 
94 374 
94 285 
94 445 
94 373 
94 439 
94 390 
95 571 
95 2923 
95 574 
96 997 
96 913 
97 5 
97 949 
97 63 
97 36 
97 329 
97 5 
97 661 
98 699 
98 390 
99 723 
99 952 
99 0 
100 680 
101 542 
102 267 
103 364 
103 272 
103 390 
104 140 
104 131 
104 134 
104 129 
105 180 
105 28 
105 275 
105 67 
105 522 
105 999 
105 998 
105 422 
105 748 
105 699 
106 48 
106 28 
106 998 
106 184 
106 275 
106 442 
106 291 
106 699 
106 522 
106 999 
106 714 
106 390 
106 748 
107 265 
107 338 
107 276 
107 502 
108 1494 
108 383 
108 2125 
108 383 
108 838 
108 173 
109 323 
109 848 
110 584 
111 0 
112 917 
113 382 
114 329 
115 671 
115 569 
116 410 
117 117 
117 117 
118 22 
119 810 
119 381 
121 866 
121 814 
121 643 
121 816 
121 866 
122 263 
122 1004 
122 471 
122 2745 
122 297 
123 547 
123 669 
123 668 
124 881 
125 822 
126 617 
126 243 
127 471 
127 297 
127 24 
128 638 
129 589 
129 104 
130 182 
130 1498 
130 1498 
130 2361 
131 104 
131 589 
132 564 
133 1098 
133 323 
134 589 
134 104 
134 691 
135 319 
135 610 
135 370 
135 716 
136 814 
136 809 
136 643 
137 416 
137 330 
138 847 
138 486 
139 731 
139 495 
140 104 
140 589 
141 1002 
141 144 
141 418 
142 496 
142 416 
142 472 
144 141 
144 146 
144 453 
144 281 
144 822 
145 497 
145 16 
145 822 
145 542 
145 472 
146 907 
146 40 
146 144 
146 822 
146 416 
146 418 
146 230 
147 456 
147 390 
147 927 
148 230 
148 40 
149 326 
149 149 
149 637 
149 149 
149 1701 
149 1509 
149 917 
149 150 
149 325 
150 326 
150 149 
150 637 
150 917 
150 1701 
150 1509 
151 390 
151 598 
152 573 
152 266 
152 88 
152 291 
152 566 
152 65 
153 275 
153 522 
153 699 
153 748 
153 291 
153 1 
153 422 
153 714 
153 28 
154 291 
154 88 
154 483 
154 390 
154 460 
155 390 
155 699 
156 390 
156 699 
157 290 
157 57 
157 641 
158 970 
158 583 
158 568 
158 9 
159 291 
159 504 
159 285 
159 547 
160 854 
160 753 
160 596 
160 980 
161 309 
161 53 
162 782 
163 290 
164 952 
164 353 
166 731 
166 656 
167 639 
167 799 
167 364 
167 390 
167 439 
167 291 
167 462 
168 608 
169 293 
170 494 
170 348 
170 287 
170 520 
170 846 
171 506 
171 817 
172 1934 
172 1168 
172 56 
172 505 
173 514 
173 384 
173 108 
173 838 
174 509 
174 410 
175 479 
176 998 
176 987 
176 830 
176 67 
176 390 
177 230 
177 40 
178 236 
178 228 
178 232 
179 1075 
179 1650 
179 267 
179 297 
179 646 
179 779 
179 1991 
179 573 
179 438 
179 1282 
179 471 
180 390 
180 58 
180 105 
180 842 
180 688 
180 717 
180 987 
180 34 
180 303 
181 847 
182 390 
182 278 
182 130 
182 523 
182 37 
183 452 
183 605 
183 185 
183 2207 
183 3117 
184 1761 
184 697 
184 106 
184 1249 
184 54 
184 539 
184 694 
184 3252 
184 586 
184 1000 
184 999 
184 422 
185 2855 
185 3267 
185 605 
185 183 
185 3043 
186 847 
186 966 
187 847 
188 531 
188 791 
189 483 
189 391 
190 71 
191 409 
191 847 
191 661 
192 607 
193 758 
193 760 
193 759 
194 265 
194 3122 
194 422 
194 445 
194 372 
195 753 
196 389 
196 973 
197 647 
198 416 
199 606 
199 2855 
200 582 
200 390 
201 383 
201 1494 
201 838 
202 255 
202 847 
202 584 
202 654 
202 9 
202 385 
202 932 
202 933 
202 386 
202 387 
203 239 
203 274 
203 661 
204 204 
204 945 
204 650 
204 204 
205 670 
206 1628 
207 499 
208 659 
208 495 
209 347 
209 641 
210 279 
210 64 
210 682 
211 659 
212 439 
212 963 
212 390 
213 447 
213 872 
213 396 
213 293 
213 397 
214 860 
214 654 
215 672 
216 684 
216 291 
217 724 
217 615 
217 591 
218 1724 
218 2401 
218 2638 
218 732 
218 1489 
218 725 
218 2104 
218 3303 
218 1247 
218 65 
219 390 
219 681 
220 619 
221 390 
222 924 
223 708 
224 697 
225 653 
226 631 
226 986 
227 753 
228 295 
228 305 
228 178 
229 625 
230 148 
230 621 
230 480 
230 625 
230 146 
230 177 
230 411 
231 390 
231 681 
232 178 
232 305 
232 295 
233 292 
233 420 
233 390 
234 390 
234 364 
234 571 
235 1568 
235 1068 
235 592 
235 739 
235 1226 
236 305 
236 178 
236 295 
237 979 
238 608 
239 64 
239 643 
239 498 
239 704 
239 682 
239 203 
240 654 
240 618 
240 386 
240 584 
240 932 
240 794 
241 631 
241 410 
241 659 
242 822 
242 847 
242 979 
243 617 
243 126 
244 483 
244 926 
244 547 
244 364 
244 439 
244 390 
245 1009 
245 722 
246 2559 
246 810 
247 1003 
247 806 
247 933 
248 681 
249 388 
250 13 
250 691 
251 364 
251 699 
251 669 
251 1956 
251 373 
251 438 
251 668 
251 745 
252 290 
253 926 
253 483 
253 390 
253 547 
254 390 
255 654 
255 202 
256 447 
257 573 
257 556 
258 944 
259 390 
259 547 
259 483 
259 364 
259 439 
259 926 
260 9 
260 33 
260 290 
261 523 
262 797 
262 673 
262 541 
262 780 
262 887 
262 373 
262 471 
262 272 
262 86 
263 425 
263 122 
263 768 
263 424 
263 769 
263 840 
263 566 
263 311 
263 685 
263 26 
263 796 
263 283 
263 460 
264 815 
264 723 
265 194 
265 501 
265 69 
265 655 
265 107 
265 888 
265 567 
266 152 
266 3191 
266 732 
266 88 
266 2081 
266 297 
266 905 
266 685 
266 65 
267 780 
267 179 
267 102 
268 561 
268 668 
269 80 
269 878 
270 868 
271 690 
271 612 
271 644 
271 488 
271 643 
271 487 
272 310 
272 103 
272 887 
272 827 
272 262 
272 516 
272 780 
272 471 
273 432 
273 433 
274 36 
274 735 
274 203 
274 83 
274 63 
274 916 
275 153 
275 28 
275 1000 
275 105 
275 54 
275 106 
275 956 
275 987 
275 619 
275 1249 
275 469 
276 580 
276 901 
276 581 
276 827 
276 555 
276 902 
276 107 
276 655 
276 888 
276 463 
276 69 
276 471 
277 951 
278 444 
278 182 
278 310 
278 1267 
278 2464 
278 828 
278 1724 
278 79 
278 1175 
279 210 
279 3006 
279 2969 
279 2292 
279 3005 
279 358 
280 917 
280 350 
280 324 
281 144 
281 861 
281 418 
281 419 
281 822 
282 631 
283 263 
283 311 
284 732 
284 1513 
284 429 
285 2482 
285 356 
285 697 
285 445 
285 94 
285 896 
285 159 
285 471 
286 545 
286 544 
287 692 
287 675 
287 170 
287 846 
287 337 
288 917 
288 615 
289 732 
290 157 
290 260 
290 163 
290 252 
290 784 
290 783 
291 694 
291 3130 
291 317 
291 154 
291 159 
291 1714 
291 501 
291 470 
291 640 
291 516 
291 708 
291 336 
291 152 
291 153 
291 927 
291 462 
291 106 
291 445 
291 926 
291 67 
291 356 
291 216 
291 746 
291 482 
291 167 
291 590 
291 683 
292 233 
293 396 
293 651 
293 778 
293 213 
293 169 
293 397 
293 396 
294 588 
295 602 
295 634 
295 771 
295 535 
295 228 
295 475 
295 732 
295 232 
295 236 
296 1007 
296 25 
296 69 
296 655 
296 447 
297 504 
297 3015 
297 127 
297 541 
297 797 
297 122 
297 1232 
297 179 
297 266 
297 31 
298 764 
298 1010 
299 468 
300 418 
301 68 
301 2245 
302 804 
302 746 
302 438 
302 439 
302 58 
302 364 
303 841 
303 180 
303 22 
303 698 
303 390 
304 304 
304 634 
304 304 
305 236 
305 228 
305 232 
305 1512 
305 1710 
305 429 
306 615 
307 847 
308 868 
308 1986 
309 161 
309 53 
309 23 
310 37 
310 574 
310 699 
310 278 
310 272 
310 517 
311 2529 
311 2530 
311 2105 
311 263 
311 283 
312 315 
313 315 
313 661 
313 643 
313 850 
314 643 
315 312 
315 313 
316 622 
316 410 
317 291 
318 481 
318 51 
318 597 
318 390 
319 135 
319 788 
320 1009 
320 730 
320 736 
320 737 
321 825 
322 685 
323 512 
323 109 
323 133 
323 514 
323 513 
323 514 
324 1701 
324 326 
324 1509 
324 637 
324 280 
325 326 
325 149 
325 637 
325 1701 
325 1509 
325 917 
326 324 
326 1701 
326 350 
326 591 
326 917 
326 1701 
326 917 
326 149 
326 325 
326 1509 
326 150 
327 917 
327 1701 
327 637 
327 1509 
328 617 
328 661 
328 948 
329 97 
329 661 
329 36 
329 821 
329 63 
329 948 
329 114 
329 916 
330 137 
330 659 
331 66 
332 597 
332 2342 
332 439 
332 799 
334 389 
334 756 
335 22 
336 291 
336 598 
336 390 
337 287 
338 555 
338 901 
338 463 
338 581 
338 107 
338 888 
338 902 
338 827 
338 580 
338 69 
338 471 
339 2799 
339 3158 
339 813 
340 509 
341 868 
341 1560 
341 3258 
342 771 
343 869 
343 1804 
344 2570 
345 857 
346 477 
347 719 
347 209 
348 630 
348 170 
348 848 
348 643 
349 1177 
349 575 
349 574 
350 515 
350 985 
350 615 
350 326 
350 280 
350 629 
351 2579 
351 416 
351 354 
352 353 
352 2583 
352 354 
353 164 
353 421 
353 352 
353 354 
354 1958 
354 2407 
354 2770 
354 2259 
354 353 
354 2585 
354 2580 
354 351 
354 2586 
354 2579 
354 352 
355 356 
355 483 
355 69 
355 976 
355 747 
355 772 
355 439 
355 977 
355 51 
355 390 
355 364 
356 747 
356 285 
356 69 
356 291 
356 745 
356 773 
356 51 
356 355 
357 888 
357 25 
358 359 
358 279 
359 0 
359 358 
360 361 
360 419 
360 822 
361 360 
362 971 
363 363 
363 765 
363 390 
363 363 
364 911 
364 251 
364 523 
364 673 
364 697 
364 103 
364 517 
364 746 
364 777 
364 701 
364 167 
364 51 
364 525 
364 470 
364 483 
364 382 
364 482 
364 550 
364 302 
364 365 
364 481 
364 804 
364 234 
364 910 
364 918 
364 244 
364 745 
364 259 
364 706 
364 462 
364 355 
364 439 
365 2446 
365 439 
365 1004 
365 364 
366 85 
366 34 
366 699 
366 700 
367 488 
368 488 
369 477 
370 1337 
370 135 
371 895 
372 1007 
372 501 
372 502 
372 655 
372 888 
372 69 
372 194 
373 3015 
373 374 
373 262 
373 2463 
373 251 
373 94 
373 3014 
373 445 
373 444 
374 94 
374 444 
374 445 
374 373 
374 763 
375 630 
375 515 
376 673 
377 1001 
377 673 
377 2371 
378 947 
378 2339 
378 2596 
378 1633 
379 678 
379 954 
380 537 
381 605 
381 606 
381 713 
381 119 
381 684 
382 391 
382 364 
382 113 
382 390 
383 384 
383 108 
383 514 
383 838 
383 108 
383 514 
383 201 
384 514 
384 383 
384 173 
385 386 
385 202 
386 240 
386 202 
386 385 
386 932 
386 584 
387 650 
387 649 
387 434 
387 202 
387 11 
387 434 
388 249 
388 676 
388 579 
389 936 
389 334 
389 467 
389 196 
389 579 
389 584 
389 636 
389 973 
389 756 
390 234 
390 180 
390 608 
390 772 
390 483 
390 7 
390 711 
390 318 
390 221 
390 702 
390 219 
390 896 
390 516 
390 450 
390 182 
390 82 
390 550 
390 444 
390 28 
390 259 
390 668 
390 155 
390 929 
390 10 
390 363 
390 470 
390 15 
390 694 
390 619 
390 697 
390 504 
390 880 
390 773 
390 706 
390 167 
390 812 
390 151 
390 455 
390 597 
390 103 
390 899 
390 462 
390 701 
390 507 
390 799 
390 58 
390 233 
390 658 
390 156 
390 906 
390 414 
390 576 
390 481 
390 744 
390 51 
390 85 
390 147 
390 700 
390 456 
390 200 
390 804 
390 231 
390 746 
390 391 
390 106 
390 1000 
390 303 
390 94 
390 355 
390 680 
390 727 
390 673 
390 523 
390 802 
390 910 
390 54 
390 708 
390 176 
390 445 
390 253 
390 573 
390 154 
390 98 
390 212 
390 22 
390 244 
390 336 
390 254 
390 557 
390 698 
390 669 
390 525 
390 382 
390 799 
391 189 
391 382 
391 799 
391 390 
392 914 
392 592 
392 24 
393 27 
394 938 
394 940 
394 847 
394 506 
395 397 
396 723 
396 213 
396 778 
396 397 
396 293 
396 293 
397 778 
397 213 
397 652 
397 396 
397 395 
397 293 
398 820 
399 951 
400 402 
400 405 
400 693 
400 916 
400 401 
401 402 
401 400 
401 405 
401 3183 
401 404 
401 693 
402 400 
402 3185 
402 401 
403 405 
403 404 
403 631 
404 403 
404 405 
404 401 
404 693 
404 3183 
404 1343 
404 1859 
405 2134 
405 693 
405 400 
405 404 
405 401 
405 403 
406 789 
406 24 
407 812 
409 191 
409 847 
410 622 
410 241 
410 570 
410 116 
410 975 
410 316 
410 174 
410 411 
411 631 
411 230 
411 410 
411 40 
412 822 
413 2466 
413 2868 
413 608 
414 58 
414 439 
414 390 
415 0 
415 953 
416 453 
416 1003 
416 137 
416 146 
416 499 
416 879 
416 198 
416 351 
416 418 
416 142 
417 453 
418 1002 
418 453 
418 141 
418 146 
418 41 
418 300 
418 822 
418 281 
418 416 
419 360 
419 281 
420 233 
421 1262 
421 1646 
421 1150 
421 1687 
421 353 
422 1899 
422 28 
422 194 
422 987 
422 54 
422 48 
422 153 
422 586 
422 633 
422 469 
422 714 
422 105 
422 554 
422 184 
423 952 
424 426 
424 263 
425 426 
425 263 
426 425 
426 424 
427 763 
428 673 
428 891 
429 1512 
429 732 
429 1172 
429 601 
429 1721 
429 1409 
429 1710 
429 305 
429 1408 
429 284 
430 732 
431 925 
432 915 
432 433 
432 1420 
432 705 
432 855 
432 273 
433 915 
433 273 
433 432 
433 0 
434 506 
434 387 
434 387 
435 847 
436 847 
437 711 
437 438 
437 516 
438 251 
438 51 
438 439 
438 437 
438 302 
438 745 
438 179 
439 365 
439 51 
439 755 
439 669 
439 302 
439 517 
439 702 
439 364 
439 212 
439 444 
439 332 
439 414 
439 747 
439 483 
439 355 
439 438 
439 58 
439 871 
439 516 
439 525 
439 804 
439 94 
439 244 
439 697 
439 597 
439 167 
439 918 
439 680 
439 481 
439 259 
439 668 
440 10 
441 1723 
441 1478 
441 2665 
441 2765 
441 880 
441 1236 
441 2168 
441 1531 
441 2447 
441 645 
441 774 
441 1801 
442 106 
443 443 
443 443 
443 60 
444 278 
444 390 
444 439 
444 37 
444 374 
444 445 
444 373 
445 94 
445 194 
445 444 
445 285 
445 291 
445 374 
445 373 
445 390 
446 0 
446 909 
446 3273 
447 778 
447 213 
447 296 
447 93 
447 921 
447 535 
447 800 
447 256 
447 967 
447 744 
448 810 
449 450 
450 896 
450 560 
450 710 
450 451 
450 449 
450 390 
451 450 
451 773 
452 605 
452 183 
453 418 
453 416 
453 144 
453 417 
454 817 
455 22 
455 390 
455 1008 
456 147 
456 698 
456 927 
456 390 
457 458 
458 457 
459 573 
459 697 
460 2361 
460 1006 
460 3156 
460 263 
460 3159 
460 154 
460 79 
460 539 
460 86 
461 69 
461 25 
461 888 
461 86 
462 828 
462 167 
462 291 
462 390 
462 556 
462 609 
462 364 
463 338 
463 276 
464 2745 
464 739 
465 466 
466 465 
467 389 
467 767 
468 299 
469 697 
469 633 
469 586 
469 22 
469 554 
469 422 
469 522 
469 275 
470 291 
470 51 
470 364 
470 390 
471 2812 
471 127 
471 797 
471 732 
471 179 
471 1169 
471 1232 
471 3015 
471 1075 
471 1357 
471 1199 
471 30 
471 802 
471 276 
471 122 
471 2221 
471 504 
471 541 
471 556 
471 262 
471 285 
471 272 
471 780 
471 566 
471 338 
471 1383 
471 697 
471 31 
472 145 
472 142 
472 822 
473 767 
473 822 
474 862 
474 1968 
474 0 
475 558 
475 742 
475 476 
475 295 
476 475 
477 753 
477 346 
477 369 
477 951 
478 868 
479 175 
480 40 
480 230 
481 318 
481 483 
481 698 
481 616 
481 1004 
481 1005 
481 364 
481 51 
481 390 
481 439 
481 482 
481 747 
482 51 
482 697 
482 481 
482 364 
482 291 
483 189 
483 51 
483 516 
483 355 
483 481 
483 244 
483 525 
483 918 
483 702 
483 597 
483 253 
483 259 
483 708 
483 154 
483 390 
483 364 
483 926 
483 439 
484 847 
485 486 
486 485 
486 138 
487 271 
487 950 
487 42 
487 488 
488 39 
488 368 
488 1010 
488 271 
488 790 
488 950 
488 17 
488 367 
488 834 
488 42 
488 489 
488 964 
488 488 
488 833 
488 955 
488 487 
488 569 
488 488 
489 488 
490 805 
491 635 
492 570 
492 493 
492 631 
493 492 
493 907 
493 979 
494 170 
494 1003 
494 767 
495 19 
495 979 
495 935 
495 139 
495 75 
495 208 
495 743 
495 667 
495 631 
495 659 
495 986 
496 142 
496 596 
497 145 
498 239 
499 207 
499 691 
499 416 
500 892 
500 35 
501 1007 
501 265 
501 291 
501 372 
501 502 
502 508 
502 755 
502 501 
502 1007 
502 107 
502 1004 
502 372 
502 664 
503 634 
504 159 
504 297 
504 471 
504 390 
504 747 
504 510 
505 562 
505 732 
505 172 
505 69 
505 30 
505 78 
505 56 
506 721 
506 843 
506 171 
506 394 
506 939 
506 434 
506 938 
506 847 
507 541 
507 390 
508 655 
508 502 
508 12 
509 340 
509 174 
509 847 
509 848 
510 566 
510 504 
511 691 
512 323 
513 323 
514 383 
514 323 
514 868 
514 173 
514 0 
514 383 
514 384 
514 323 
515 985 
515 848 
515 350 
515 375 
515 629 
516 483 
516 699 
516 390 
516 977 
516 291 
516 745 
516 1004 
516 772 
516 69 
516 439 
516 437 
516 51 
516 747 
516 272 
517 871 
517 673 
517 310 
517 525 
517 364 
517 439 
518 952 
519 691 
519 847 
520 170 
520 847 
521 616 
521 701 
522 616 
522 1249 
522 999 
522 1000 
522 987 
522 153 
522 28 
522 956 
522 105 
522 619 
522 54 
522 106 
522 697 
522 469 
522 1374 
522 1464 
523 261 
523 182 
523 364 
523 390 
524 971 
525 590 
525 483 
525 364 
525 439 
525 517 
525 390 
526 847 
527 847 
528 528 
528 528 
529 847 
530 879 
530 2987 
531 532 
531 188 
531 810 
532 531 
533 533 
533 534 
533 732 
533 533 
534 732 
534 533 
534 862 
534 78 
535 295 
535 447 
536 564 
537 380 
537 655 
538 673 
538 769 
539 86 
539 460 
539 184 
541 507 
541 471 
541 297 
541 262 
542 101 
542 791 
542 145 
542 847 
543 851 
544 14 
544 286 
544 545 
545 0 
545 286 
545 544 
546 548 
546 89 
546 788 
547 697 
547 572 
547 244 
547 259 
547 573 
547 590 
547 159 
547 253 
547 123 
548 986 
548 546 
548 89 
549 698 
549 572 
549 616 
549 646 
549 575 
549 574 
550 390 
550 364 
551 679 
551 680 
552 952 
552 637 
553 1951 
553 673 
553 1921 
553 2728 
553 2791 
553 2161 
554 58 
554 469 
554 422 
554 1642 
554 1000 
555 338 
555 276 
555 902 
555 901 
556 829 
556 462 
556 2266 
556 257 
556 471 
556 2894 
557 897 
557 390 
558 475 
559 753 
559 9 
560 450 
561 669 
561 655 
561 268 
562 505 
563 704 
564 536 
564 975 
564 132 
565 852 
566 152 
566 771 
566 770 
566 802 
566 510 
566 471 
566 263 
567 1650 
567 265 
568 158 
569 682 
569 600 
569 612 
569 115 
569 64 
569 866 
569 488 
570 492 
570 659 
570 410 
571 95 
571 697 
571 234 
571 698 
571 616 
572 841 
572 697 
572 549 
572 573 
572 547 
572 698 
572 574 
572 616 
573 257 
573 829 
573 459 
573 152 
573 689 
573 572 
573 547 
573 390 
573 179 
574 310 
574 95 
574 572 
574 697 
574 549 
574 616 
574 698 
574 349 
575 549 
575 699 
575 616 
575 349 
575 698 
576 873 
576 390 
577 965 
577 3209 
577 1857 
578 608 
579 788 
579 389 
579 388 
579 753 
580 276 
580 581 
580 338 
581 580 
581 276 
581 338 
582 200 
583 158 
583 847 
583 612 
584 202 
584 240 
584 386 
584 389 
584 110 
585 0 
585 86 
586 422 
586 469 
586 60 
586 184 
587 808 
588 952 
588 4 
588 294 
588 739 
589 134 
589 140 
589 129 
589 131 
590 525 
590 547 
590 291 
591 978 
591 217 
591 0 
591 326 
591 1017 
592 235 
592 1068 
592 615 
592 1568 
592 1226 
592 32 
592 685 
592 739 
592 392 
593 847 
593 595 
594 847 
594 595 
595 594 
595 593 
595 847 
595 916 
596 160 
596 496 
597 332 
597 87 
597 318 
597 483 
597 390 
597 439 
597 51 
597 608 
598 336 
598 151 
598 599 
599 22 
599 598 
600 671 
600 569 
601 17 
601 834 
601 429 
602 295 
603 661 
603 5 
604 59 
604 846 
605 185 
605 381 
605 452 
605 993 
605 183 
606 199 
606 381 
607 192 
607 849 
608 773 
608 639 
608 238 
608 168 
608 896 
608 706 
608 413 
608 578 
608 597 
608 390 
609 828 
609 3162 
609 462 
609 1019 
610 135 
610 715 
610 1706 
611 950 
611 613 
611 644 
612 271 
612 52 
612 569 
612 965 
612 964 
612 955 
612 583 
613 611 
613 955 
614 696 
614 2362 
615 306 
615 3205 
615 592 
615 1509 
615 217 
615 350 
615 3217 
615 288 
616 574 
616 7 
616 67 
616 2018 
616 481 
616 1000 
616 694 
616 575 
616 1714 
616 571 
616 3236 
616 549 
616 998 
616 572 
616 748 
616 51 
616 714 
616 999 
616 668 
616 522 
616 521 
617 126 
617 328 
617 243 
617 916 
618 240 
619 220 
619 920 
619 1004 
619 698 
619 700 
619 390 
619 85 
619 522 
619 275 
619 699 
620 623 
620 621 
620 631 
621 40 
621 230 
621 624 
621 623 
621 620 
622 410 
622 316 
622 982 
623 623 
623 621 
623 620 
623 623 
623 625 
624 625 
624 621 
625 229 
625 623 
625 40 
625 624 
625 230 
626 86 
626 2276 
626 2843 
627 823 
628 1243 
628 753 
629 629 
629 350 
629 630 
629 515 
629 985 
629 629 
630 375 
630 348 
630 629 
631 241 
631 226 
631 988 
631 492 
631 495 
631 979 
631 620 
631 1009 
631 995 
631 411 
631 403 
631 750 
631 70 
631 980 
631 282 
632 44 
632 868 
633 956 
633 422 
633 469 
633 28 
634 819 
634 295 
634 304 
634 749 
634 3 
634 503 
635 491 
635 870 
635 961 
636 389 
637 149 
637 325 
637 150 
637 552 
637 327 
637 324 
638 128 
638 3046 
639 640 
639 608 
639 640 
639 799 
639 167 
640 639 
640 291 
640 639 
640 799 
641 209 
641 719 
641 157 
641 643 
642 986 
643 348 
643 35 
643 923 
643 840 
643 661 
643 83 
643 682 
643 271 
643 239 
643 808 
643 64 
643 814 
643 313 
643 121 
643 994 
643 38 
643 136 
643 866 
643 641 
643 314 
643 893 
643 807 
643 663 
644 42 
644 1010 
644 271 
644 611 
645 880 
645 1633 
645 441 
646 2150 
646 732 
646 1650 
646 1282 
646 549 
646 2149 
646 2064 
646 1895 
646 31 
646 179 
647 898 
647 197 
648 2865 
648 2181 
649 387 
650 957 
650 387 
650 204 
651 986 
651 293 
651 928 
651 691 
652 397 
653 225 
653 2895 
654 255 
654 240 
654 202 
654 860 
654 214 
654 932 
655 1007 
655 508 
655 25 
655 265 
655 276 
655 372 
655 561 
655 296 
655 537 
656 166 
656 657 
657 935 
657 656 
657 663 
658 82 
658 390 
659 70 
659 979 
659 750 
659 877 
659 660 
659 570 
659 980 
659 1003 
659 722 
659 211 
659 1009 
659 986 
659 208 
659 241 
659 495 
659 330 
660 875 
660 40 
660 986 
660 659 
661 735 
661 313 
661 836 
661 63 
661 835 
661 852 
661 603 
661 328 
661 674 
661 97 
661 908 
661 877 
661 36 
661 203 
661 726 
661 948 
661 191 
661 643 
661 329 
661 916 
662 877 
663 17 
663 858 
663 643 
663 20 
663 657 
663 6 
663 831 
664 502 
665 728 
665 727 
665 32 
665 2081 
665 768 
665 685 
666 667 
667 666 
667 495 
668 802 
668 251 
668 390 
668 699 
668 123 
668 766 
668 701 
668 22 
668 268 
668 616 
668 439 
669 251 
669 439 
669 123 
669 561 
669 699 
669 390 
670 0 
670 205 
670 0 
671 600 
671 115 
672 215 
672 2437 
672 2420 
673 376 
673 377 
673 839 
673 762 
673 711 
673 802 
673 553 
673 364 
673 262 
673 517 
673 428 
673 538 
673 390 
673 905 
674 72 
674 76 
674 661 
675 287 
676 2985 
676 388 
677 868 
677 1984 
677 678 
677 867 
677 1394 
677 1747 
678 44 
678 379 
678 1984 
678 1747 
678 867 
678 677 
679 680 
679 551 
680 100 
680 934 
680 551 
680 679 
680 21 
680 439 
680 390 
680 1005 
681 248 
681 219 
681 2461 
681 231 
682 569 
682 210 
682 91 
682 239 
682 643 
682 6 
683 25 
683 291 
684 216 
684 969 
684 953 
684 381 
685 686 
685 687 
685 697 
685 845 
685 322 
685 592 
685 665 
685 905 
685 769 
685 903 
685 266 
685 263 
685 24 
686 1876 
686 769 
686 685 
686 905 
686 2669 
686 32 
686 1469 
686 887 
686 2686 
686 2278 
686 1678 
686 2494 
687 2686 
687 685 
687 32 
687 769 
687 1876 
687 887 
688 180 
688 841 
689 573 
690 0 
690 691 
690 271 
691 898 
691 935 
691 499 
691 250 
691 690 
691 519 
691 1009 
691 651 
691 134 
691 511 
691 0 
692 287 
692 2651 
693 404 
693 400 
693 405 
693 401 
694 291 
694 390 
694 616 
694 184 
695 1301 
695 1960 
695 753 
696 614 
697 224 
697 184 
697 364 
697 698 
697 571 
697 572 
697 482 
697 469 
697 547 
697 887 
697 285 
697 685 
697 32 
697 390 
697 34 
697 58 
697 700 
697 522 
697 459 
697 439 
697 471 
697 574 
697 905 
698 700 
698 549 
698 619 
698 697 
698 481 
698 572 
698 904 
698 571 
698 303 
698 574 
698 85 
698 456 
698 805 
698 575 
698 701 
698 390 
699 85 
699 251 
699 714 
699 516 
699 987 
699 906 
699 310 
699 575 
699 755 
699 700 
699 366 
699 153 
699 668 
699 746 
699 669 
699 999 
699 106 
699 34 
699 22 
699 98 
699 156 
699 155 
699 619 
699 54 
699 1000 
699 748 
699 701 
699 842 
699 105 
700 619 
700 366 
700 697 
700 698 
700 699 
700 390 
701 668 
701 364 
701 521 
701 799 
701 390 
701 699 
701 698 
702 390 
702 439 
702 483 
703 892 
703 893 
704 239 
704 563 
704 752 
704 751 
704 855 
705 432 
705 1420 
706 773 
706 772 
706 390 
706 608 
706 946 
706 364 
707 708 
707 709 
707 799 
708 223 
708 291 
708 483 
708 707 
708 709 
708 390 
708 799 
709 707 
709 708 
710 1148 
710 450 
710 1533 
711 960 
711 390 
711 437 
711 673 
712 935 
712 750 
712 847 
713 381 
713 798 
714 54 
714 67 
714 153 
714 956 
714 106 
714 1000 
714 987 
714 28 
714 999 
714 699 
714 999 
714 422 
714 748 
714 616 
715 610 
715 2739 
716 2961 
716 2381 
716 135 
717 180 
718 877 
719 347 
719 641 
720 759 
721 506 
722 659 
722 787 
722 245 
723 764 
723 396 
723 847 
723 816 
723 99 
723 264 
723 814 
724 217 
724 0 
725 2400 
725 992 
725 2340 
725 876 
725 218 
726 661 
727 728 
727 768 
727 390 
727 968 
727 665 
728 665 
728 727 
728 768 
729 730 
729 1009 
729 737 
729 847 
730 320 
730 737 
730 942 
730 847 
730 729 
731 166 
731 979 
731 139 
731 907 
732 284 
732 471 
732 646 
732 429 
732 533 
732 862 
732 266 
732 534 
732 218 
732 78 
732 505 
732 430 
732 876 
732 31 
732 295 
732 1 
732 905 
732 289 
732 780 
733 45 
733 734 
733 855 
734 751 
734 733 
735 813 
735 661 
735 274 
736 320 
736 737 
737 730 
737 729 
737 736 
737 320 
737 954 
738 789 
738 2665 
738 739 
739 464 
739 738 
739 235 
739 592 
739 588 
740 793 
740 29 
741 1009 
741 847 
742 475 
743 979 
743 84 
743 495 
744 390 
744 447 
745 911 
745 805 
745 516 
745 356 
745 910 
745 804 
745 746 
745 438 
745 251 
745 364 
746 364 
746 747 
746 699 
746 805 
746 772 
746 804 
746 390 
746 302 
746 745 
746 291 
747 356 
747 805 
747 355 
747 746 
747 51 
747 910 
747 504 
747 804 
747 911 
747 481 
747 516 
747 439 
748 1761 
748 956 
748 153 
748 987 
748 54 
748 1000 
748 998 
748 999 
748 714 
748 48 
748 106 
748 67 
748 105 
748 28 
748 616 
748 699 
749 634 
750 712 
750 659 
750 986 
750 70 
750 631 
750 979 
751 752 
751 996 
751 734 
751 45 
751 704 
752 996 
752 751 
752 704 
752 994 
753 874 
753 227 
753 628 
753 160 
753 811 
753 195 
753 559 
753 579 
753 695 
753 477 
753 853 
754 802 
754 801 
754 1254 
754 782 
755 439 
755 699 
755 502 
756 389 
756 334 
757 758 
758 193 
758 758 
758 758 
758 757 
759 193 
759 720 
760 193 
760 847 
761 847 
762 673 
762 1376 
762 1001 
762 1990 
763 800 
763 50 
763 93 
763 427 
763 374 
763 805 
764 723 
764 298 
764 919 
765 363 
766 668 
767 473 
767 467 
767 494 
767 822 
768 727 
768 1876 
768 665 
768 728 
768 263 
768 905 
769 1273 
769 2157 
769 686 
769 685 
769 687 
769 1231 
769 538 
769 796 
769 2686 
769 1234 
769 263 
769 86 
770 771 
770 3041 
770 566 
771 770 
771 342 
771 295 
771 566 
772 896 
772 706 
772 355 
772 516 
772 746 
772 804 
772 911 
772 390 
773 773 
773 706 
773 451 
773 356 
773 608 
773 773 
773 390 
774 2118 
774 1236 
774 1633 
774 880 
774 441 
775 857 
775 847 
776 883 
777 364 
777 799 
777 12 
778 447 
778 397 
778 47 
778 293 
778 872 
778 396 
779 1279 
779 882 
779 31 
779 2202 
779 887 
779 1006 
779 3028 
779 88 
779 1895 
779 179 
779 1664 
780 267 
780 1282 
780 1664 
780 262 
780 1006 
780 272 
780 1991 
780 2064 
780 88 
780 2149 
780 1239 
780 1650 
780 1788 
780 1203 
780 1921 
780 1895 
780 732 
780 471 
781 2585 
781 858 
782 2640 
782 754 
782 162 
782 2639 
783 290 
783 0 
784 0 
784 290 
785 847 
786 814 
787 722 
788 579 
788 319 
788 89 
788 875 
788 935 
788 546 
788 847 
789 738 
789 406 
790 488 
791 188 
791 542 
792 793 
792 859 
792 29 
793 859 
793 793 
793 740 
793 818 
793 792 
793 793 
793 29 
794 240 
795 1794 
795 2382 
795 91 
796 769 
796 263 
797 471 
797 262 
797 86 
797 297 
798 713 
799 167 
799 777 
799 803 
799 707 
799 640 
799 701 
799 391 
799 332 
799 639 
799 708 
799 390 
799 390 
800 93 
800 763 
800 447 
801 754 
802 1004 
802 754 
802 62 
802 471 
802 668 
802 566 
802 905 
802 390 
802 673 
803 799 
804 746 
804 911 
804 364 
804 439 
804 772 
804 390 
804 745 
804 747 
804 302 
804 805 
805 746 
805 804 
805 747 
805 745 
805 490 
805 698 
805 763 
806 247 
806 2767 
807 814 
807 809 
807 643 
808 643 
808 814 
808 809 
808 587 
809 807 
809 808 
809 136 
810 246 
810 448 
810 119 
810 900 
810 822 
810 531 
811 753 
812 407 
812 390 
813 735 
813 916 
813 339 
813 77 
814 807 
814 866 
814 808 
814 816 
814 121 
814 136 
814 786 
814 35 
814 884 
814 723 
814 848 
814 643 
814 847 
815 264 
816 723 
816 866 
816 121 
816 814 
816 847 
816 848 
817 171 
817 1002 
817 454 
818 29 
818 793 
818 1708 
819 634 
820 398 
820 9 
821 329 
821 2591 
822 767 
822 242 
822 146 
822 144 
822 145 
822 412 
822 125 
822 473 
822 810 
822 418 
822 472 
822 879 
822 281 
822 360 
823 627 
824 970 
825 321 
826 912 
826 847 
827 276 
827 338 
827 272 
828 2460 
828 1326 
828 609 
828 34 
828 37 
828 278 
828 462 
828 2202 
828 1543 
828 3028 
828 79 
828 1667 
829 556 
829 573 
830 176 
831 834 
831 886 
831 663 
832 17 
833 488 
834 964 
834 831 
834 488 
834 601 
835 661 
835 837 
836 837 
836 661 
837 835 
837 836 
838 383 
838 108 
838 201 
838 173 
839 673 
840 643 
840 263 
841 572 
841 688 
841 303 
842 180 
842 842 
842 896 
842 842 
842 699 
843 506 
844 0 
844 958 
845 2183 
845 685 
845 32 
846 604 
846 287 
846 850 
846 170 
846 848 
847 436 
847 760 
847 46 
847 593 
847 723 
847 202 
847 307 
847 594 
847 242 
847 984 
847 741 
847 181 
847 509 
847 595 
847 435 
847 785 
847 996 
847 761 
847 409 
847 542 
847 730 
847 40 
847 484 
847 526 
847 529 
847 527 
847 980 
847 729 
847 394 
847 816 
847 187 
847 186 
847 826 
847 583 
847 712 
847 814 
847 138 
847 519 
847 191 
847 775 
847 18 
847 49 
847 43 
847 81 
847 506 
847 983 
847 788 
847 59 
847 966 
847 520 
848 984 
848 348 
848 814 
848 985 
848 509 
848 515 
848 980 
848 109 
848 983 
848 816 
848 846 
849 40 
849 607 
850 313 
850 846 
851 2336 
851 2756 
851 543 
852 565 
852 661 
852 908 
853 753 
853 3296 
853 1916 
853 2050 
854 854 
854 854 
854 160 
855 3107 
855 3124 
855 2441 
855 2699 
855 432 
855 2282 
855 1675 
855 704 
855 733 
856 877 
857 775 
857 345 
857 863 
858 663 
858 781 
859 793 
859 792 
859 29 
860 214 
860 861 
860 654 
861 2455 
861 860 
861 281 
862 474 
862 1129 
862 90 
862 732 
862 1968 
862 1212 
862 1937 
862 534 
862 1850 
862 862 
862 1969 
862 862 
863 865 
863 857 
865 1933 
865 1216 
865 1240 
865 863 
866 121 
866 569 
866 814 
866 121 
866 816 
866 643 
867 868 
867 1747 
867 677 
867 678 
868 632 
868 341 
868 677 
868 308 
868 867 
868 44 
868 8 
868 270 
868 14 
868 514 
868 478 
869 343 
869 932 
870 635 
871 517 
871 439 
872 213 
872 778 
873 576 
873 1168 
874 2429 
874 753 
875 788 
875 660 
875 986 
876 2401 
876 65 
876 2104 
876 1247 
876 1489 
876 1724 
876 2400 
876 732 
876 725 
876 992 
876 2638 
876 3303 
877 718 
877 659 
877 856 
877 937 
877 662 
877 661 
878 269 
879 530 
879 416 
879 822 
880 645 
880 774 
880 441 
880 390 
881 0 
881 124 
882 779 
882 31 
883 776 
884 814 
885 979 
886 1010 
886 831 
887 1951 
887 262 
887 697 
887 2728 
887 686 
887 1998 
887 779 
887 687 
887 1281 
887 272 
888 357 
888 338 
888 265 
888 372 
888 276 
888 25 
888 461 
889 890 
890 889 
891 428 
891 924 
891 2728 
892 500 
892 703 
893 703 
893 643 
895 371 
896 772 
896 390 
896 450 
896 608 
896 922 
896 285 
896 842 
897 557 
897 3093 
898 691 
898 647 
899 22 
899 390 
900 810 
901 902 
901 555 
901 338 
901 276 
902 555 
902 276 
902 901 
902 338 
903 685 
904 698 
905 2081 
905 2278 
905 2728 
905 686 
905 2161 
905 2670 
905 1234 
905 685 
905 1231 
905 3040 
905 3041 
905 768 
905 2686 
905 2669 
905 732 
905 802 
905 3191 
905 697 
905 1969 
905 673 
905 266 
906 699 
906 390 
907 731 
907 146 
907 493 
908 852 
908 661 
909 446 
910 747 
910 364 
910 745 
910 390 
911 364 
911 745 
911 804 
911 772 
911 747 
912 826 
913 96 
914 2651 
914 392 
915 432 
915 433 
915 0 
916 5 
916 813 
916 77 
916 63 
916 400 
916 661 
916 329 
916 274 
916 595 
916 617 
916 36 
917 112 
917 327 
917 326 
917 150 
917 325 
917 149 
917 978 
917 985 
917 280 
917 326 
917 288 
918 483 
918 364 
918 439 
918 926 
919 1010 
919 764 
920 1004 
920 1005 
920 619 
921 447 
922 896 
923 643 
924 222 
924 891 
925 431 
926 927 
926 253 
926 244 
926 483 
926 918 
926 259 
926 291 
927 456 
927 147 
927 926 
927 291 
928 651 
929 390 
930 939 
932 386 
932 240 
932 654 
932 869 
932 202 
933 247 
933 970 
933 202 
934 680 
935 995 
935 986 
935 495 
935 712 
935 691 
935 657 
935 788 
936 937 
936 389 
936 3020 
937 877 
937 936 
938 394 
938 506 
938 939 
938 941 
938 940 
939 930 
939 71 
939 940 
939 938 
939 506 
940 394 
940 938 
940 939 
941 938 
942 730 
943 944 
943 986 
944 258 
944 61 
944 943 
945 204 
945 11 
946 1238 
946 706 
946 2031 
946 2865 
947 974 
947 378 
947 24 
948 328 
948 329 
948 661 
949 97 
949 63 
949 5 
950 611 
950 488 
950 487 
951 399 
951 277 
951 477 
952 518 
952 552 
952 24 
952 588 
952 99 
952 164 
952 423 
953 684 
953 415 
954 737 
954 379 
954 0 
955 613 
955 612 
955 488 
956 54 
956 1894 
956 633 
956 748 
956 522 
956 275 
956 714 
956 999 
956 1000 
957 650 
958 844 
959 959 
959 986 
959 959 
960 711 
960 2415 
961 0 
961 635 
961 1488 
961 0 
962 3151 
962 2 
963 2129 
963 212 
963 2130 
964 612 
964 834 
964 488 
965 612 
965 577 
966 186 
966 847 
967 447 
968 969 
968 727 
969 684 
969 1707 
969 968 
970 9 
970 158 
970 824 
970 933 
971 55 
971 524 
971 362 
971 972 
972 3279 
972 971 
972 55 
973 196 
973 389 
974 947 
974 2339 
975 564 
975 410 
976 355 
976 2214 
977 516 
977 355 
978 917 
978 591 
978 1549 
979 237 
979 885 
979 980 
979 242 
979 493 
979 750 
979 495 
979 659 
979 743 
979 731 
979 631 
980 990 
980 160 
980 659 
980 848 
980 986 
980 847 
980 979 
980 631 
981 982 
982 622 
982 981 
983 848 
983 847 
984 848 
984 847 
985 350 
985 629 
985 917 
985 515 
985 848 
986 651 
986 61 
986 935 
986 548 
986 642 
986 980 
986 750 
986 943 
986 959 
986 875 
986 84 
986 995 
986 226 
986 495 
986 659 
986 660 
987 176 
987 180 
987 699 
987 522 
987 422 
987 748 
987 275 
987 28 
987 999 
987 714 
988 631 
989 990 
990 994 
990 980 
990 989 
991 74 
992 725 
992 876 
993 605 
993 3085 
993 1721 
993 3085 
994 990 
994 752 
994 643 
994 996 
995 935 
995 631 
995 986 
996 751 
996 752 
996 994 
996 847 
997 96 
998 176 
998 106 
998 67 
998 998 
998 105 
998 54 
998 998 
998 748 
998 616 
998 999 
998 1000 
999 1000 
999 67 
999 54 
999 714 
999 987 
999 106 
999 998 
999 28 
999 956 
999 105 
999 522 
999 699 
999 748 
999 616 
999 184 
999 714 
1000 67 
1000 1000 
1000 956 
1000 998 
1000 999 
1000 522 
1000 275 
1000 616 
1000 748 
1000 714 
1000 390 
1000 699 
1000 554 
1000 184 
1000 1000 
1001 377 
1001 7 
1001 762 
1002 418 
1002 141 
1002 817 
1003 247 
1003 494 
1003 416 
1003 659 
1004 619 
1004 802 
1004 920 
1004 502 
1004 122 
1004 365 
1004 481 
1004 516 
1004 1597 
1004 2316 
1004 1336 
1004 7 
1005 2860 
1005 1586 
1005 1336 
1005 481 
1005 920 
1005 1197 
1005 51 
1005 680 
1006 779 
1006 780 
1006 460 
1006 86 
1007 655 
1007 501 
1007 296 
1007 372 
1007 502 
1008 455 
1009 741 
1009 659 
1009 631 
1009 691 
1009 729 
1009 245 
1009 320 
1010 644 
1010 488 
1010 886 
1010 39 
1010 298 
1010 919 
1011 2029 
1011 2028 
1011 1034 
1012 2031 
1012 2181 
1013 2024 
1013 1427 
1013 1417 
1013 1545 
1013 1967 
1013 1297 
1014 1365 
1014 1059 
1014 1378 
1014 1680 
1014 1380 
1014 1059 
1014 1744 
1015 2093 
1015 1236 
1015 1439 
1015 1440 
1016 2138 
1017 1549 
1017 1264 
1017 591 
1018 1524 
1019 609 
1019 2064 
1019 1354 
1019 1312 
1019 1938 
1019 1743 
1019 79 
1020 1496 
1021 1176 
1022 1907 
1023 1875 
1024 1527 
1025 1414 
1026 1957 
1027 1905 
1028 1048 
1029 1100 
1029 1248 
1029 1109 
1030 1244 
1030 1941 
1031 1645 
1031 1872 
1031 1487 
1031 1488 
1032 2117 
1033 2014 
1033 2015 
1033 1759 
1033 2014 
1034 1666 
1034 1665 
1034 2007 
1034 1011 
1035 1491 
1036 1485 
1037 1042 
1037 1309 
1037 1679 
1037 1615 
1037 1042 
1038 1404 
1038 1682 
1038 1174 
1038 1107 
1038 1769 
1038 1636 
1038 1536 
1039 1212 
1040 1679 
1040 1078 
1040 1076 
1041 2036 
1042 1679 
1042 1037 
1042 1615 
1042 1037 
1043 2139 
1043 2165 
1043 1138 
1043 1828 
1044 1274 
1045 1944 
1045 1980 
1045 1453 
1045 1704 
1045 1955 
1045 2002 
1045 1705 
1045 1954 
1046 1286 
1046 2024 
1046 1521 
1046 1891 
1046 1302 
1046 1532 
1046 1902 
1047 1613 
1047 1679 
1047 1636 
1047 1776 
1047 1442 
1047 1127 
1048 1028 
1048 2063 
1049 1049 
1049 1049 
1050 1254 
1050 1168 
1050 1942 
1051 1253 
1051 2121 
1052 1787 
1053 2135 
1054 1491 
1055 1961 
1055 1962 
1055 1963 
1056 1161 
1056 1056 
1056 1056 
1058 2024 
1058 1236 
1059 1378 
1059 1014 
1059 1365 
1059 1733 
1059 1014 
1059 1380 
1059 1744 
1060 1123 
1061 1943 
1061 1460 
1061 1374 
1062 1374 
1063 1229 
1063 1707 
1064 1811 
1065 1093 
1065 2027 
1066 1963 
1066 1171 
1066 1961 
1066 1962 
1067 1251 
1067 1236 
1068 592 
1068 1718 
1068 2115 
1068 235 
1068 1515 
1068 1209 
1070 1236 
1070 1500 
1071 1744 
1071 1731 
1071 1985 
1072 2156 
1073 1075 
1073 1387 
1074 1379 
1075 1169 
1075 179 
1075 1220 
1075 1073 
1075 471 
1076 1078 
1076 1040 
1077 1527 
1078 1190 
1078 1600 
1078 1371 
1078 1599 
1078 1040 
1078 1076 
1079 1931 
1079 1742 
1079 1227 
1079 1651 
1079 1823 
1079 1245 
1080 1195 
1080 1583 
1080 1189 
1080 1657 
1080 1731 
1080 1406 
1081 1141 
1081 1950 
1082 1716 
1083 1083 
1083 1440 
1083 1912 
1083 2093 
1083 1196 
1083 1390 
1083 1439 
1083 1912 
1083 1083 
1083 1373 
1084 2158 
1085 1728 
1086 1480 
1086 1479 
1087 1577 
1088 1236 
1088 1500 
1089 1347 
1089 1500 
1090 1404 
1090 1608 
1090 1174 
1090 1107 
1090 1392 
1091 1972 
1092 2009 
1093 2026 
1093 2027 
1093 1065 
1094 1676 
1094 1317 
1095 1864 
1096 1490 
1096 1878 
1097 1886 
1098 133 
1098 1661 
1099 1767 
1100 1579 
1100 1723 
1100 1029 
1100 2105 
1100 1634 
1100 1695 
1101 1840 
1101 1864 
1101 1609 
1101 2132 
1101 2171 
1101 2133 
1101 1118 
1101 2170 
1101 1441 
1102 1958 
1102 1673 
1103 2103 
1104 1459 
1105 1606 
1106 1339 
1106 1132 
1107 1404 
1107 1200 
1107 1425 
1107 1038 
1107 1090 
1107 1776 
1108 1317 
1108 1676 
1109 1401 
1109 1029 
1111 1920 
1112 1952 
1113 1395 
1114 2059 
1114 2104 
1114 1187 
1114 2058 
1115 1383 
1116 1893 
1116 2139 
1117 1154 
1118 1101 
1119 1119 
1119 2036 
1119 1119 
1120 1604 
1120 1606 
1120 1210 
1120 1256 
1120 1818 
1121 2113 
1121 1674 
1122 2742 
1122 1690 
1123 1060 
1124 1460 
1125 1302 
1125 1891 
1125 1286 
1125 1250 
1126 1857 
1127 57 
1127 1047 
1128 1588 
1128 1590 
1128 1589 
1129 1969 
1129 1937 
1129 862 
1129 1631 
1130 1822 
1131 1885 
1131 1646 
1132 1860 
1132 1106 
1133 2169 
1133 2046 
1134 1422 
1135 1747 
1135 1154 
1136 1494 
1137 1964 
1138 2168 
1138 1043 
1138 1634 
1139 1716 
1139 1842 
1139 1145 
1140 1460 
1141 1248 
1141 1081 
1141 1866 
1142 1730 
1143 1980 
1143 2103 
1144 2105 
1144 1416 
1144 1481 
1145 1139 
1146 1389 
1147 1874 
1148 710 
1148 1403 
1148 1687 
1148 1551 
1148 1390 
1149 1589 
1150 421 
1150 2118 
1150 1262 
1150 1659 
1150 1294 
1150 1236 
1150 1508 
1150 1506 
1150 1507 
1150 1912 
1151 1301 
1151 1960 
1151 2049 
1152 2949 
1152 1373 
1153 1629 
1153 1342 
1153 1329 
1154 1117 
1154 1135 
1155 1213 
1156 1975 
1157 1492 
1158 1571 
1158 1214 
1158 1461 
1159 1287 
1160 2083 
1160 1369 
1160 1160 
1160 1160 
1161 1056 
1162 1381 
1162 1517 
1163 1500 
1164 1795 
1165 2066 
1165 1788 
1166 1908 
1167 1523 
1168 1511 
1168 2106 
1168 873 
1168 1544 
1168 2096 
1168 1050 
1168 172 
1168 1524 
1169 471 
1169 1220 
1169 1075 
1169 1387 
1170 2166 
1170 2169 
1171 1066 
1172 429 
1172 1710 
1173 2955 
1173 1812 
1173 2948 
1173 2332 
1174 1200 
1174 1404 
1174 1425 
1174 1038 
1174 1090 
1174 1776 
1174 1769 
1175 278 
1175 2174 
1175 1360 
1175 1385 
1175 2173 
1176 1897 
1176 1021 
1176 1896 
1177 349 
1177 1374 
1178 1871 
1178 1178 
1178 1944 
1178 1870 
1178 1178 
1179 1407 
1179 1996 
1179 1997 
1180 1196 
1181 1638 
1181 1637 
1183 1836 
1183 1837 
1183 1841 
1183 1202 
1184 1464 
1185 1945 
1185 1530 
1186 1648 
1186 1806 
1187 1114 
1188 1918 
1188 1619 
1189 1583 
1189 1080 
1189 1657 
1190 1613 
1190 1078 
1191 1727 
1191 1230 
1192 1730 
1193 1548 
1193 2112 
1193 1857 
1194 2135 
1194 1731 
1194 1680 
1195 1080 
1196 1180 
1196 1083 
1197 1587 
1197 1005 
1198 2278 
1198 1678 
1198 2494 
1199 471 
1199 1220 
1200 1174 
1200 1107 
1201 2060 
1202 1841 
1202 1183 
1203 1432 
1203 1964 
1203 2151 
1203 2148 
1203 30 
1203 780 
1204 1208 
1205 1848 
1206 1604 
1206 1210 
1206 1606 
1206 1256 
1206 1818 
1207 1539 
1207 1352 
1208 1204 
1209 1748 
1209 1068 
1210 1206 
1210 1120 
1210 1818 
1212 1039 
1212 862 
1212 1850 
1212 1937 
1213 1155 
1214 2004 
1214 1708 
1214 2006 
1214 1158 
1214 1994 
1215 1542 
1216 1848 
1216 1675 
1216 1519 
1216 865 
1216 1413 
1216 1421 
1217 1772 
1218 1460 
1219 1236 
1220 1075 
1220 1169 
1220 1387 
1220 1199 
1221 1900 
1222 1540 
1222 2044 
1222 1807 
1222 1803 
1223 1964 
1223 1711 
1223 2099 
1223 1713 
1223 1712 
1224 1626 
1225 1411 
1226 1821 
1226 592 
1226 235 
1226 1322 
1226 1568 
1227 2792 
1227 1079 
1229 1063 
1229 1707 
1230 1514 
1230 1811 
1230 2097 
1230 1191 
1231 2157 
1231 905 
1231 769 
1231 1416 
1232 471 
1232 1457 
1232 1456 
1232 297 
1233 1520 
1234 905 
1234 1416 
1234 769 
1235 1749 
1235 2025 
1235 1456 
1235 1550 
1236 774 
1236 2024 
1236 1687 
1236 1891 
1236 1396 
1236 1500 
1236 1015 
1236 441 
1236 1242 
1236 1067 
1236 1058 
1236 1070 
1236 1150 
1236 1219 
1236 1088 
1236 1860 
1237 1653 
1238 2031 
1238 946 
1239 1788 
1239 780 
1240 1413 
1240 865 
1240 1675 
1241 1514 
1241 2795 
1241 1989 
1242 1236 
1242 2118 
1242 1860 
1243 1505 
1243 1648 
1243 1461 
1243 1706 
1243 628 
1244 2128 
1244 1941 
1244 1030 
1245 1079 
1245 2076 
1246 1866 
1247 1330 
1247 876 
1247 218 
1248 1911 
1248 1029 
1248 1141 
1248 1538 
1249 522 
1249 1416 
1249 184 
1249 275 
1250 1125 
1251 1067 
1252 2049 
1253 1253 
1253 1051 
1253 1890 
1253 1636 
1253 57 
1253 1253 
1254 754 
1254 2043 
1254 1721 
1254 1050 
1254 1524 
1254 1787 
1255 1255 
1255 1528 
1255 1255 
1256 1818 
1256 1818 
1256 1206 
1256 1120 
1257 1880 
1257 1852 
1258 1706 
1258 2006 
1259 1820 
1260 1693 
1261 1750 
1262 1150 
1262 1646 
1262 421 
1262 1509 
1263 1612 
1264 1284 
1264 1017 
1265 1878 
1266 1540 
1266 1861 
1267 1724 
1267 278 
1267 37 
1268 2120 
1268 1381 
1268 1517 
1269 1745 
1271 1865 
1272 1649 
1272 1383 
1273 1714 
1273 1454 
1273 1339 
1273 1668 
1273 769 
1273 2053 
1273 1454 
1274 1044 
1274 1892 
1275 1924 
1275 1622 
1276 1918 
1276 2098 
1277 2043 
1278 2020 
1279 779 
1280 1574 
1281 88 
1281 1999 
1281 1678 
1281 1998 
1281 887 
1281 1850 
1282 780 
1282 1740 
1282 646 
1282 1766 
1282 31 
1282 30 
1282 179 
1283 2042 
1284 1264 
1284 1416 
1285 1503 
1285 1423 
1285 1704 
1285 1980 
1286 2657 
1286 1046 
1286 1532 
1286 1125 
1286 1902 
1287 1573 
1287 1159 
1288 1780 
1288 1787 
1289 2034 
1289 1636 
1290 1349 
1291 1344 
1292 1854 
1292 1953 
1293 1930 
1294 1506 
1294 1150 
1295 2018 
1295 1852 
1296 1892 
1297 1725 
1297 1013 
1298 1770 
1299 2121 
1300 2080 
1300 1901 
1301 695 
1301 1151 
1302 1125 
1302 2657 
1302 1532 
1302 1902 
1302 1046 
1303 1519 
1304 1473 
1305 2081 
1306 1418 
1307 2036 
1307 2037 
1308 1918 
1308 2049 
1309 1037 
1310 2116 
1310 1610 
1310 1483 
1311 1990 
1312 1019 
1312 1493 
1312 2593 
1313 1395 
1314 1583 
1314 1731 
1314 1735 
1314 1406 
1314 1737 
1314 1584 
1315 1625 
1315 1810 
1316 1406 
1317 1108 
1317 1094 
1318 1637 
1319 1522 
1320 1646 
1321 1562 
1321 1646 
1322 1226 
1323 1522 
1324 1683 
1325 1683 
1325 1839 
1326 1667 
1326 1796 
1326 1662 
1326 828 
1327 1977 
1329 1438 
1329 1516 
1329 1153 
1330 1247 
1331 1517 
1332 2112 
1332 1338 
1332 2005 
1332 2050 
1333 2080 
1334 1699 
1334 1804 
1335 1517 
1336 1863 
1336 1005 
1336 1831 
1336 1586 
1336 1004 
1337 370 
1337 1870 
1338 1332 
1339 1560 
1339 1273 
1339 1106 
1340 1852 
1341 2056 
1341 2008 
1342 1516 
1342 1438 
1342 1153 
1343 404 
1343 1881 
1343 1412 
1344 1889 
1344 1926 
1344 1382 
1344 1291 
1345 2068 
1347 1089 
1348 1965 
1348 1353 
1349 1290 
1349 2031 
1349 2124 
1350 1985 
1351 1893 
1352 1449 
1352 1207 
1352 1539 
1353 1965 
1353 1348 
1354 1019 
1354 2856 
1355 1414 
1355 1368 
1356 2061 
1356 2083 
1356 1638 
1357 1976 
1357 2774 
1357 471 
1357 31 
1358 1386 
1359 1583 
1359 1735 
1359 1736 
1359 1731 
1359 1657 
1359 1737 
1359 1406 
1360 1175 
1360 1905 
1361 1446 
1362 1661 
1363 1759 
1363 1946 
1364 1406 
1364 1731 
1365 1014 
1365 1059 
1366 2043 
1366 1727 
1367 1406 
1368 1355 
1368 1476 
1368 1414 
1368 1415 
1368 1414 
1369 1160 
1369 2083 
1370 1406 
1371 1078 
1371 2140 
1372 1904 
1372 2088 
1373 1152 
1373 1373 
1373 1083 
1373 1373 
1374 2149 
1374 1979 
1374 1410 
1374 1726 
1374 2035 
1374 1062 
1374 1061 
1374 1177 
1374 522 
1374 1460 
1375 1638 
1375 1637 
1376 762 
1376 1802 
1377 1446 
1378 1744 
1378 1059 
1378 1014 
1378 1680 
1378 1380 
1379 1605 
1379 1074 
1379 1462 
1380 1591 
1380 1014 
1380 1059 
1380 1378 
1380 1406 
1381 1162 
1381 2079 
1381 1268 
1382 1889 
1382 1344 
1383 1115 
1383 1649 
1383 1272 
1383 1956 
1383 471 
1384 1386 
1385 1385 
1385 1385 
1385 1175 
1385 2174 
1386 1758 
1386 1358 
1386 1384 
1386 1566 
1386 1757 
1387 1073 
1387 1169 
1387 1220 
1388 1983 
1388 1982 
1388 1437 
1389 1146 
1390 1148 
1390 1688 
1390 1083 
1391 1582 
1392 1090 
1392 1608 
1393 1896 
1394 2136 
1394 677 
1394 1537 
1395 1313 
1395 1113 
1396 1236 
1397 2093 
1398 1971 
1398 1970 
1398 2019 
1399 1970 
1400 1971 
1400 1970 
1400 2019 
1401 1401 
1401 1109 
1401 1401 
1402 2022 
1403 1148 
1404 1038 
1404 1174 
1404 1924 
1404 1090 
1404 1107 
1404 1776 
1405 1445 
1406 1380 
1406 1715 
1406 2135 
1406 1367 
1406 2070 
1406 1314 
1406 1370 
1406 1316 
1406 1731 
1406 1733 
1406 1732 
1406 1923 
1406 1584 
1406 1737 
1406 1364 
1406 1736 
1406 1941 
1406 1822 
1406 1359 
1406 1080 
1406 1658 
1407 1179 
1408 1715 
1408 429 
1409 1745 
1409 1710 
1409 1512 
1409 1957 
1409 429 
1409 1681 
1410 1374 
1411 1679 
1411 1225 
1411 1615 
1412 1343 
1413 1240 
1413 1216 
1414 1025 
1414 1476 
1414 1355 
1414 1415 
1414 1368 
1414 1368 
1415 1414 
1415 1368 
1416 1249 
1416 1144 
1416 2157 
1416 1231 
1416 1234 
1416 1284 
1417 1500 
1417 1725 
1417 1013 
1418 1306 
1419 1921 
1420 432 
1420 1770 
1420 2260 
1420 2699 
1420 705 
1421 1933 
1421 1765 
1421 1216 
1422 1134 
1422 1542 
1422 1916 
1422 2006 
1422 1655 
1423 1980 
1423 1845 
1423 1285 
1423 1542 
1423 2050 
1424 1628 
1425 1107 
1425 1174 
1426 2119 
1427 1725 
1427 1013 
1427 1545 
1428 1429 
1429 1428 
1430 1862 
1431 2193 
1432 1203 
1432 2151 
1433 2151 
1434 1436 
1435 2008 
1435 1436 
1436 1434 
1436 1435 
1437 1388 
1437 1982 
1438 1329 
1438 1342 
1439 1440 
1439 1444 
1439 1083 
1439 1015 
1439 1478 
1439 1891 
1440 1083 
1440 1439 
1440 1444 
1440 1478 
1440 1015 
1441 1101 
1442 1047 
1443 1534 
1443 1535 
1444 1439 
1444 1440 
1445 2024 
1445 1405 
1446 1377 
1446 1361 
1446 1447 
1446 1448 
1447 1446 
1448 1602 
1448 1446 
1449 1352 
1449 1978 
1450 2119 
1452 2002 
1452 1618 
1453 1045 
1453 1470 
1454 1273 
1454 1273 
1455 2072 
1456 1232 
1456 1588 
1456 1235 
1457 1232 
1457 1550 
1458 1850 
1459 1104 
1460 1124 
1460 1140 
1460 1061 
1460 1761 
1460 1979 
1460 1781 
1460 1218 
1460 1464 
1460 1374 
1461 2005 
1461 1648 
1461 1243 
1461 1158 
1461 2004 
1462 1379 
1463 1590 
1463 2052 
1464 1761 
1464 1184 
1464 1460 
1464 522 
1465 1878 
1466 2045 
1467 1467 
1467 1467 
1467 1468 
1468 1467 
1469 686 
1469 1678 
1469 2494 
1469 2278 
1470 1954 
1470 1704 
1470 1705 
1470 1980 
1470 2002 
1470 1453 
1470 1955 
1472 1585 
1472 1473 
1473 1569 
1473 1472 
1473 1570 
1473 1304 
1474 2065 
1474 1921 
1475 2036 
1475 1679 
1476 1414 
1476 1368 
1476 1791 
1477 1909 
1478 1440 
1478 1439 
1478 441 
1478 1528 
1478 1690 
1479 2012 
1479 1086 
1479 1661 
1479 1480 
1480 1086 
1480 1479 
1481 2139 
1481 1144 
1482 1482 
1482 1674 
1482 1482 
1483 1310 
1483 2116 
1485 1036 
1486 1759 
1487 2003 
1487 1930 
1487 1794 
1487 1031 
1488 1872 
1488 961 
1488 1031 
1488 1645 
1489 876 
1489 1863 
1489 218 
1490 1096 
1490 2052 
1490 1709 
1491 1054 
1491 1035 
1492 1157 
1492 56 
1492 1492 
1492 1492 
1493 1738 
1493 1312 
1494 2125 
1494 108 
1494 201 
1494 1577 
1494 1136 
1495 1733 
1496 1746 
1496 1020 
1497 1497 
1497 1497 
1498 130 
1498 2139 
1498 130 
1499 1500 
1500 1417 
1500 1088 
1500 1236 
1500 1070 
1500 1163 
1500 2024 
1500 1499 
1500 1089 
1501 1502 
1502 1501 
1503 1285 
1504 1932 
1505 1243 
1506 1294 
1506 1150 
1507 1150 
1508 1150 
1509 1639 
1509 326 
1509 325 
1509 324 
1509 150 
1509 327 
1509 149 
1509 1262 
1509 615 
1510 1700 
1511 2134 
1511 1168 
1512 1824 
1512 1409 
1512 305 
1512 429 
1512 1710 
1513 284 
1513 1710 
1514 1241 
1514 1230 
1514 1727 
1514 1989 
1514 1979 
1515 1748 
1515 1068 
1516 1329 
1516 1342 
1516 2470 
1517 1335 
1517 1268 
1517 2079 
1517 1162 
1517 1331 
1518 1519 
1518 2282 
1519 1216 
1519 1303 
1519 1518 
1520 1233 
1521 3255 
1521 1046 
1522 1319 
1522 1323 
1523 1826 
1523 1167 
1523 1779 
1524 1581 
1524 1934 
1524 1254 
1524 1168 
1524 1018 
1525 1661 
1526 1761 
1527 1024 
1527 1077 
1528 1255 
1528 2970 
1528 1814 
1528 2738 
1528 2765 
1528 1478 
1528 1723 
1528 1690 
1529 3021 
1529 2169 
1529 2654 
1530 1185 
1530 2008 
1530 1578 
1531 1801 
1531 2658 
1531 441 
1532 1532 
1532 1286 
1532 1302 
1532 1532 
1532 2658 
1532 1046 
1533 1687 
1533 710 
1534 1443 
1535 1443 
1536 57 
1536 1038 
1536 2119 
1537 1394 
1538 1248 
1539 1207 
1539 1352 
1540 1266 
1540 1222 
1540 1799 
1540 1541 
1541 1540 
1542 1422 
1542 1980 
1542 1215 
1542 1423 
1542 2050 
1543 2460 
1543 828 
1543 2293 
1544 1168 
1545 80 
1545 1427 
1545 1725 
1545 1013 
1546 1763 
1548 1966 
1548 1193 
1549 1624 
1549 1549 
1549 978 
1549 1624 
1549 1017 
1549 1549 
1550 1235 
1550 1457 
1551 1148 
1552 1864 
1553 1554 
1553 1554 
1554 1553 
1554 1553 
1554 1831 
1555 1555 
1555 1555 
1555 1556 
1556 1555 
1556 1647 
1557 1558 
1558 1557 
1559 1686 
1560 341 
1560 1339 
1560 1668 
1560 1818 
1561 1759 
1562 1321 
1563 1564 
1564 1563 
1564 1565 
1565 1564 
1566 1386 
1567 1935 
1568 235 
1568 592 
1568 1226 
1569 1473 
1569 1601 
1570 1473 
1571 1158 
1571 2004 
1571 2006 
1572 1916 
1573 1287 
1574 1280 
1575 1877 
1576 1782 
1576 1935 
1577 1087 
1577 1494 
1578 1530 
1579 1100 
1579 2105 
1580 2043 
1580 2873 
1581 1524 
1582 1853 
1582 1391 
1583 1189 
1583 1731 
1583 1314 
1583 1080 
1583 1359 
1583 1736 
1583 1657 
1584 1314 
1584 1731 
1584 1406 
1584 1657 
1584 1985 
1585 1629 
1585 1472 
1586 1587 
1586 1336 
1586 1005 
1587 34 
1587 1586 
1587 1197 
1588 1128 
1588 1456 
1589 1149 
1589 1590 
1589 1128 
1590 1128 
1590 1589 
1590 1463 
1590 2052 
1591 1380 
1592 1593 
1592 1594 
1593 1692 
1593 1592 
1593 1594 
1594 1592 
1594 1593 
1595 1596 
1596 1595 
1597 1598 
1597 1004 
1598 1597 
1599 1685 
1599 1078 
1599 1950 
1599 1600 
1599 2074 
1599 1613 
1600 1078 
1600 1599 
1601 1569 
1602 1829 
1602 1448 
1604 1120 
1604 1606 
1604 1206 
1605 1379 
1606 1604 
1606 1105 
1606 1120 
1606 1206 
1607 1896 
1608 1392 
1608 1090 
1609 1842 
1609 1101 
1609 1972 
1610 1310 
1611 2155 
1611 2155 
1612 1263 
1612 1706 
1613 1190 
1613 1047 
1613 1599 
1614 1773 
1614 1615 
1615 1411 
1615 1042 
1615 1037 
1615 1614 
1616 1616 
1616 1616 
1617 1705 
1617 1820 
1618 1452 
1619 1188 
1620 2138 
1621 2137 
1622 1622 
1622 1275 
1622 1622 
1623 1623 
1623 1817 
1623 1623 
1624 1549 
1624 1549 
1624 1903 
1625 1315 
1626 1224 
1626 1772 
1626 2009 
1627 1729 
1628 206 
1628 1753 
1628 1752 
1628 1949 
1628 1424 
1629 1153 
1629 1585 
1630 14 
1630 1747 
1631 90 
1631 1129 
1632 2168 
1632 1801 
1633 645 
1633 774 
1633 1801 
1633 1851 
1633 378 
1634 1100 
1634 2139 
1634 26 
1634 2257 
1634 1828 
1634 2244 
1634 1893 
1634 1634 
1634 2165 
1634 1138 
1634 1634 
1635 1753 
1636 1253 
1636 1682 
1636 1289 
1636 57 
1636 1047 
1636 1038 
1637 1375 
1637 2026 
1637 1638 
1637 1181 
1637 1977 
1637 1318 
1637 2083 
1637 1638 
1638 1375 
1638 1181 
1638 1356 
1638 1637 
1638 2013 
1638 1637 
1639 1673 
1639 1509 
1640 1810 
1641 1754 
1642 554 
1643 1972 
1644 1719 
1645 1488 
1645 1031 
1646 421 
1646 1883 
1646 1131 
1646 1320 
1646 1262 
1646 1321 
1646 1885 
1647 1556 
1648 1243 
1648 2050 
1648 1461 
1648 1186 
1649 1272 
1649 1650 
1649 1383 
1650 30 
1650 646 
1650 567 
1650 179 
1650 1649 
1650 780 
1651 1823 
1651 3262 
1651 1079 
1652 1868 
1653 1237 
1654 1787 
1655 1422 
1656 1833 
1657 1080 
1657 1359 
1657 1735 
1657 1584 
1657 1737 
1657 1583 
1657 1189 
1657 1736 
1657 1731 
1657 1732 
1658 1731 
1658 1406 
1659 1150 
1660 1661 
1661 1098 
1661 1362 
1661 1525 
1661 1479 
1661 1660 
1662 1326 
1663 1920 
1663 1873 
1664 1921 
1664 1991 
1664 779 
1664 780 
1665 1034 
1666 1034 
1667 1326 
1667 2460 
1667 3028 
1667 2328 
1667 3153 
1667 828 
1668 1860 
1668 1560 
1668 1273 
1669 1820 
1670 1671 
1671 1670 
1673 1958 
1673 1639 
1673 1959 
1673 1102 
1674 1482 
1674 1121 
1675 1933 
1675 1216 
1675 1240 
1675 855 
1676 1094 
1676 1108 
1677 1724 
1678 1198 
1678 1281 
1678 1469 
1678 2073 
1678 1999 
1678 686 
1678 21 
1679 1042 
1679 1040 
1679 1047 
1679 1411 
1679 1475 
1679 1037 
1680 1014 
1680 1378 
1680 1194 
1680 1731 
1680 2135 
1681 1409 
1682 1038 
1682 57 
1682 1636 
1683 1684 
1683 1325 
1683 1324 
1684 1878 
1684 1683 
1685 1599 
1686 1559 
1687 421 
1687 1236 
1687 1148 
1687 1533 
1688 1390 
1689 2176 
1689 1830 
1689 1908 
1690 1891 
1690 1814 
1690 1528 
1690 1122 
1690 1478 
1690 1695 
1691 1815 
1691 1992 
1691 1993 
1692 1593 
1693 1844 
1693 1260 
1694 1810 
1695 1828 
1695 1690 
1695 1100 
1696 1697 
1697 1696 
1698 3123 
1698 1929 
1699 1334 
1699 1804 
1700 1510 
1701 2057 
1701 324 
1701 327 
1701 326 
1701 325 
1701 150 
1701 149 
1701 326 
1702 1703 
1703 2049 
1703 1702 
1704 1285 
1704 1470 
1704 1045 
1704 2080 
1704 1705 
1705 1617 
1705 1704 
1705 1470 
1705 1916 
1705 1045 
1705 2080 
1706 610 
1706 1612 
1706 1258 
1706 1243 
1707 2275 
1707 1229 
1707 2210 
1707 969 
1707 1063 
1708 1214 
1708 818 
1708 2753 
1709 2072 
1709 1490 
1710 1409 
1710 305 
1710 1513 
1710 1172 
1710 1512 
1710 429 
1711 1223 
1712 1223 
1713 1223 
1714 1273 
1714 291 
1714 616 
1714 2686 
1715 1406 
1715 1408 
1716 1139 
1716 1716 
1716 1717 
1716 1082 
1716 1716 
1716 1717 
1717 1887 
1717 1716 
1717 1717 
1717 1716 
1717 1717 
1717 1729 
1718 1068 
1719 1644 
1720 1747 
1721 429 
1721 993 
1721 1254 
1721 1919 
1722 2068 
1723 441 
1723 1100 
1723 2105 
1723 1528 
1724 1267 
1724 218 
1724 1677 
1724 876 
1724 37 
1724 278 
1724 79 
1725 1427 
1725 1417 
1725 1545 
1725 2024 
1725 1297 
1725 1967 
1726 1374 
1727 2097 
1727 1514 
1727 1191 
1727 1811 
1727 1797 
1727 1816 
1727 1366 
1728 1729 
1728 1085 
1729 1627 
1729 1717 
1729 1728 
1730 1142 
1730 1192 
1731 1314 
1731 1583 
1731 1737 
1731 1731 
1731 1194 
1731 1584 
1731 1071 
1731 1985 
1731 1657 
1731 1736 
1731 1359 
1731 1658 
1731 1735 
1731 1080 
1731 1680 
1731 1364 
1731 1732 
1731 1731 
1731 1406 
1732 1731 
1732 1657 
1732 1406 
1733 1059 
1733 1495 
1733 1744 
1733 1406 
1734 1985 
1735 1359 
1735 1314 
1735 1736 
1735 1737 
1735 1736 
1735 1731 
1735 1657 
1736 1735 
1736 1359 
1736 1583 
1736 1735 
1736 1731 
1736 1406 
1736 1737 
1736 1657 
1737 1314 
1737 1736 
1737 1359 
1737 1731 
1737 1406 
1737 1657 
1737 1735 
1738 1493 
1738 1843 
1738 1842 
1739 1918 
1740 1741 
1740 1766 
1740 1740 
1740 1282 
1740 1740 
1740 31 
1741 1740 
1741 12 
1742 1079 
1743 1874 
1743 1019 
1743 2394 
1744 1378 
1744 1014 
1744 1059 
1744 1071 
1744 1733 
1745 1269 
1745 1409 
1746 1496 
1747 1135 
1747 1984 
1747 1986 
1747 1720 
1747 1630 
1747 678 
1747 867 
1747 2136 
1747 677 
1748 1209 
1748 1515 
1749 1235 
1750 1261 
1751 2106 
1751 2106 
1752 1628 
1752 1949 
1753 1628 
1753 1635 
1753 1949 
1754 1641 
1755 1835 
1755 1837 
1756 1785 
1756 1784 
1757 1386 
1758 1386 
1759 1486 
1759 1561 
1759 1947 
1759 1946 
1759 1363 
1759 2014 
1759 1033 
1759 1946 
1760 1854 
1760 1953 
1761 184 
1761 748 
1761 1526 
1761 1460 
1761 1464 
1762 1911 
1763 1546 
1764 1811 
1765 1421 
1766 1282 
1766 1740 
1767 1099 
1767 1768 
1768 1767 
1769 1174 
1769 1038 
1769 57 
1770 1771 
1770 1298 
1770 2123 
1770 1420 
1770 1771 
1771 2123 
1771 1770 
1771 1770 
1772 2009 
1772 2092 
1772 1217 
1772 1626 
1773 1614 
1774 1781 
1775 1776 
1776 1174 
1776 1404 
1776 1107 
1776 1047 
1776 2034 
1776 1775 
1777 2048 
1777 1793 
1778 1778 
1778 1778 
1779 1523 
1780 1288 
1780 1787 
1781 1774 
1781 1460 
1782 1576 
1782 1935 
1784 1928 
1784 1756 
1784 2022 
1784 1786 
1785 1756 
1785 1928 
1785 1927 
1786 1784 
1787 1052 
1787 1789 
1787 1654 
1787 1780 
1787 1254 
1787 1288 
1788 1239 
1788 30 
1788 1165 
1788 780 
1788 2066 
1789 2363 
1789 1787 
1790 1927 
1790 1915 
1790 1847 
1790 1928 
1791 1476 
1792 1794 
1793 1777 
1793 1794 
1794 1487 
1794 1793 
1794 795 
1794 1792 
1795 1164 
1796 1326 
1797 1727 
1798 2108 
1799 1540 
1799 2044 
1799 1807 
1800 2153 
1801 2024 
1801 1531 
1801 2168 
1801 1633 
1801 1851 
1801 441 
1801 1632 
1802 1376 
1803 1222 
1804 1699 
1804 1334 
1804 343 
1805 1806 
1806 1186 
1806 1805 
1807 2847 
1807 1222 
1807 1799 
1808 1808 
1808 1808 
1809 1974 
1810 1315 
1810 1694 
1810 1640 
1811 1918 
1811 1900 
1811 1230 
1811 1064 
1811 1764 
1811 1727 
1812 2152 
1812 1173 
1812 1813 
1813 2955 
1813 2957 
1813 1812 
1814 1528 
1814 1690 
1815 1992 
1815 1691 
1816 1727 
1817 1623 
1818 1256 
1818 1210 
1818 1256 
1818 1206 
1818 1560 
1818 1120 
1819 2048 
1819 1994 
1820 1259 
1820 1669 
1820 1617 
1821 1226 
1822 1130 
1822 1406 
1823 1651 
1823 3262 
1823 1079 
1824 1512 
1824 56 
1825 1948 
1826 1523 
1827 2072 
1828 1695 
1828 1634 
1828 2139 
1828 1043 
1829 1602 
1829 3037 
1830 1689 
1831 1554 
1831 1336 
1832 1833 
1833 2154 
1833 1656 
1833 1832 
1834 1837 
1834 1838 
1835 1836 
1835 1755 
1836 1835 
1836 1838 
1836 1183 
1837 1838 
1837 1834 
1837 1755 
1837 1183 
1838 1837 
1838 1836 
1838 1834 
1839 1325 
1840 1101 
1841 1183 
1841 1202 
1842 1139 
1842 1738 
1842 1609 
1843 1738 
1844 1693 
1845 1423 
1845 2000 
1845 2049 
1846 2048 
1846 2049 
1847 1790 
1848 1216 
1848 1205 
1848 1849 
1849 3124 
1849 1848 
1850 1998 
1850 1937 
1850 1212 
1850 1999 
1850 1281 
1850 1951 
1850 862 
1850 1458 
1851 2168 
1851 3009 
1851 1633 
1851 1801 
1851 2995 
1852 1257 
1852 1340 
1852 1295 
1853 1582 
1853 1918 
1854 1292 
1854 1760 
1855 1920 
1856 1868 
1857 1193 
1857 1966 
1857 1859 
1857 577 
1857 1126 
1858 3274 
1858 3013 
1859 3274 
1859 404 
1859 1857 
1860 1242 
1860 1132 
1860 1668 
1860 1236 
1861 1266 
1862 1430 
1863 1336 
1863 1489 
1864 1552 
1864 1095 
1864 1101 
1865 1271 
1866 1141 
1866 2167 
1866 1246 
1866 1867 
1867 1866 
1867 2696 
1868 1856 
1868 1652 
1870 1945 
1870 1178 
1870 1337 
1870 1944 
1871 1178 
1872 1031 
1872 1488 
1873 1663 
1873 1919 
1874 1743 
1874 1147 
1875 1988 
1875 1023 
1876 686 
1876 687 
1876 768 
1876 2081 
1877 1575 
1878 1684 
1878 1265 
1878 2072 
1878 1096 
1878 1465 
1879 2012 
1880 1257 
1881 1343 
1882 2101 
1883 1885 
1883 1646 
1884 1885 
1885 1883 
1885 1131 
1885 1884 
1885 1646 
1886 1944 
1886 1097 
1887 1717 
1887 1888 
1888 1887 
1889 1344 
1889 1382 
1890 1253 
1891 1236 
1891 1439 
1891 1690 
1891 1125 
1891 1046 
1892 1274 
1892 1296 
1893 1894 
1893 1894 
1893 1116 
1893 1634 
1893 1351 
1894 1893 
1894 956 
1894 1893 
1895 1991 
1895 779 
1895 780 
1895 646 
1896 2051 
1896 1393 
1896 1176 
1896 1607 
1897 1176 
1897 2969 
1898 1899 
1899 422 
1899 1898 
1900 1221 
1900 1811 
1901 1300 
1901 1922 
1902 1302 
1902 1286 
1902 1046 
1903 1624 
1903 2033 
1904 1372 
1905 1027 
1905 1360 
1906 3123 
1906 2826 
1906 2048 
1907 1022 
1908 1166 
1908 1689 
1908 2176 
1909 1477 
1910 1911 
1911 1248 
1911 1924 
1911 1762 
1911 1910 
1912 1083 
1912 1150 
1912 1083 
1913 2143 
1915 1790 
1916 1422 
1916 853 
1916 1572 
1916 1705 
1917 1918 
1918 2095 
1918 1811 
1918 1276 
1918 1188 
1918 1308 
1918 2094 
1918 2151 
1918 2175 
1918 2148 
1918 2023 
1918 2159 
1918 1739 
1918 1917 
1918 1853 
1918 2114 
1918 1940 
1919 1920 
1919 1873 
1919 1721 
1920 1663 
1920 1855 
1920 1111 
1920 1919 
1921 1664 
1921 1419 
1921 2064 
1921 553 
1921 2149 
1921 780 
1921 2161 
1921 1474 
1921 1991 
1922 1901 
1923 1406 
1924 1404 
1924 1275 
1924 1911 
1925 2075 
1926 1344 
1926 2080 
1927 1790 
1927 1785 
1927 1928 
1927 2022 
1928 1784 
1928 1927 
1928 2022 
1928 1785 
1928 1790 
1929 2078 
1929 1698 
1930 1487 
1930 1293 
1931 2420 
1931 1079 
1932 1504 
1933 1675 
1933 1421 
1933 865 
1934 172 
1934 1524 
1935 1567 
1935 1936 
1935 1782 
1935 1576 
1936 1935 
1937 1212 
1937 1129 
1937 862 
1937 1850 
1937 1 
1938 1019 
1940 1918 
1941 1244 
1941 1030 
1941 1406 
1942 1050 
1943 1061 
1944 1945 
1944 1178 
1944 1045 
1944 1886 
1944 1870 
1945 1944 
1945 1870 
1945 1185 
1946 1759 
1946 1363 
1946 1759 
1947 1759 
1948 1825 
1948 1949 
1949 1948 
1949 1628 
1949 1752 
1949 1753 
1950 1599 
1950 1081 
1951 553 
1951 887 
1951 1850 
1952 1952 
1952 1112 
1952 1952 
1953 1292 
1953 1760 
1954 1470 
1954 2002 
1954 2080 
1954 1045 
1955 1045 
1955 2002 
1955 1470 
1956 251 
1956 1383 
1957 1409 
1957 1026 
1958 1673 
1958 354 
1958 1102 
1958 1959 
1959 1673 
1959 1958 
1960 695 
1960 1151 
1961 1055 
1961 1066 
1962 1055 
1962 1066 
1963 1066 
1963 1055 
1964 1223 
1964 2049 
1964 1137 
1964 2121 
1964 1203 
1965 1348 
1965 1353 
1966 1548 
1966 2112 
1966 1857 
1967 1013 
1967 1967 
1967 1725 
1967 1967 
1968 474 
1968 862 
1968 1972 
1968 2160 
1969 1129 
1969 862 
1969 905 
1970 1971 
1970 1400 
1970 1398 
1970 1399 
1971 1400 
1971 1398 
1971 1970 
1972 2160 
1972 1643 
1972 1609 
1972 1968 
1972 1091 
1973 1975 
1974 1809 
1974 1977 
1975 1973 
1975 1156 
1976 1999 
1976 1357 
1977 1327 
1977 1974 
1977 2026 
1977 1637 
1978 1449 
1978 1979 
1979 2149 
1979 1514 
1979 1978 
1979 1374 
1979 1460 
1980 2112 
1980 2033 
1980 2032 
1980 1285 
1980 1143 
1980 2050 
1980 1045 
1980 1423 
1980 1470 
1980 1542 
1981 57 
1981 2034 
1982 1437 
1982 1388 
1983 1388 
1984 1747 
1984 677 
1984 678 
1985 1734 
1985 1350 
1985 1584 
1985 1071 
1985 1731 
1986 1747 
1986 308 
1987 1988 
1988 1987 
1988 1875 
1989 1241 
1989 1514 
1989 2149 
1990 1311 
1990 762 
1991 1921 
1991 1664 
1991 780 
1991 1895 
1991 179 
1992 1691 
1992 1815 
1993 1691 
1994 1819 
1994 1214 
1996 1179 
1996 1997 
1997 1996 
1997 1179 
1998 1281 
1998 88 
1998 1850 
1998 887 
1999 1281 
1999 1678 
1999 88 
1999 1976 
1999 1850 
2000 1845 
2002 1954 
2002 1452 
2002 1955 
2002 1045 
2002 1470 
2002 2003 
2003 1487 
2003 2002 
2004 1214 
2004 1571 
2004 1461 
2005 1332 
2005 2006 
2005 1461 
2005 2110 
2006 2110 
2006 2005 
2006 2109 
2006 1214 
2006 1258 
2006 1422 
2006 2112 
2006 1571 
2006 2050 
2007 1034 
2008 1341 
2008 1435 
2008 1530 
2009 1092 
2009 1772 
2009 1626 
2010 2011 
2010 2010 
2010 2012 
2010 2010 
2011 2012 
2011 2010 
2012 1479 
2012 2011 
2012 1879 
2012 2010 
2013 1638 
2014 2015 
2014 1759 
2014 1033 
2014 1033 
2014 2015 
2015 2014 
2015 1033 
2015 2014 
2016 2017 
2017 2016 
2018 1295 
2018 616 
2019 1400 
2019 1398 
2020 1278 
2021 2079 
2022 1402 
2022 1784 
2022 1927 
2022 2022 
2022 1928 
2022 2022 
2023 1918 
2024 1445 
2024 1046 
2024 1801 
2024 1013 
2024 1058 
2024 2118 
2024 1500 
2024 1236 
2024 1725 
2025 1235 
2025 2052 
2026 1637 
2026 1093 
2026 1977 
2027 1093 
2027 1065 
2028 2040 
2028 1011 
2029 1011 
2029 2040 
2030 2090 
2031 1238 
2031 946 
2031 1012 
2031 1349 
2032 2050 
2032 1980 
2032 2049 
2032 2033 
2033 2032 
2033 2050 
2033 1980 
2033 1903 
2033 2049 
2034 1776 
2034 1981 
2034 1289 
2035 1374 
2036 1119 
2036 1475 
2036 1307 
2036 1041 
2037 1307 
2037 3228 
2038 2039 
2039 2038 
2040 2028 
2040 2029 
2042 1283 
2043 1277 
2043 1254 
2043 1580 
2043 1366 
2044 1222 
2044 2274 
2044 1799 
2045 1466 
2046 2047 
2046 1133 
2047 2046 
2048 1846 
2048 1777 
2048 2049 
2048 1819 
2048 1906 
2049 1964 
2049 1308 
2049 2075 
2049 1703 
2049 2048 
2049 1252 
2049 2175 
2049 2049 
2049 2032 
2049 1151 
2049 2033 
2049 2050 
2049 1845 
2049 1846 
2049 2049 
2050 1423 
2050 1648 
2050 2112 
2050 1980 
2050 2006 
2050 853 
2050 1332 
2050 2033 
2050 2032 
2050 1542 
2050 2049 
2051 1896 
2052 2025 
2052 2072 
2052 1490 
2052 1590 
2052 1463 
2053 1273 
2054 2145 
2054 2055 
2055 2056 
2055 2054 
2056 1341 
2056 2055 
2057 1701 
2058 1114 
2059 1114 
2060 1201 
2061 1356 
2062 2126 
2063 1048 
2064 1921 
2064 2065 
2064 30 
2064 780 
2064 646 
2064 1019 
2064 2091 
2065 2064 
2065 1474 
2066 1788 
2066 1165 
2067 2067 
2067 2067 
2068 1345 
2068 2069 
2068 1722 
2069 2068 
2070 1406 
2072 1827 
2072 1455 
2072 1878 
2072 1709 
2072 2052 
2073 1678 
2073 88 
2074 1599 
2075 1925 
2075 2049 
2076 1245 
2077 2175 
2078 1929 
2079 1381 
2079 2021 
2079 1517 
2080 1300 
2080 1333 
2080 1704 
2080 1926 
2080 1954 
2080 1705 
2081 1305 
2081 1876 
2081 665 
2081 2161 
2081 905 
2081 266 
2082 2082 
2082 31 
2082 2083 
2082 2082 
2083 1637 
2083 1356 
2083 2082 
2083 1369 
2083 1160 
2084 2104 
2085 2087 
2086 2087 
2087 2086 
2087 2089 
2087 2085 
2088 1372 
2089 2087 
2090 2030 
2091 2064 
2092 1772 
2093 1083 
2093 1397 
2093 1015 
2094 1918 
2095 1918 
2096 1168 
2097 1230 
2097 1727 
2098 1276 
2099 1223 
2100 2102 
2101 2102 
2101 1882 
2102 2100 
2102 2101 
2103 1103 
2103 1143 
2104 876 
2104 1114 
2104 218 
2104 2084 
2105 1144 
2105 1100 
2105 1579 
2105 311 
2105 1723 
2105 3044 
2106 1751 
2106 1168 
2106 1751 
2107 2108 
2108 1798 
2108 2107 
2109 2110 
2109 2006 
2110 2112 
2110 2005 
2110 2006 
2110 2109 
2111 2112 
2112 1332 
2112 2050 
2112 2110 
2112 1980 
2112 2111 
2112 1193 
2112 1966 
2112 2006 
2113 1121 
2114 1918 
2115 1068 
2116 1310 
2116 1483 
2117 1032 
2118 774 
2118 2024 
2118 1150 
2118 1242 
2119 1536 
2119 1426 
2119 1450 
2120 1268 
2121 1299 
2121 1964 
2121 1051 
2122 2175 
2123 1771 
2123 1770 
2124 1349 
2125 1494 
2125 108 
2126 2127 
2126 2062 
2127 2126 
2128 1244 
2129 2130 
2129 963 
2130 2129 
2130 963 
2132 1101 
2133 1101 
2134 405 
2134 1511 
2135 1194 
2135 2141 
2135 1053 
2135 1680 
2135 1406 
2136 1394 
2136 1747 
2137 2147 
2137 1621 
2138 1016 
2138 1620 
2139 1498 
2139 1828 
2139 1043 
2139 1481 
2139 1634 
2139 1116 
2140 1371 
2141 2135 
2142 2144 
2142 2143 
2143 2142 
2143 1913 
2144 2142 
2145 2054 
2146 2162 
2147 2137 
2148 1203 
2148 2150 
2148 1918 
2149 1921 
2149 1979 
2149 1374 
2149 780 
2149 646 
2149 1989 
2149 30 
2150 646 
2150 2148 
2151 1433 
2151 1432 
2151 1918 
2151 1203 
2152 1812 
2153 1800 
2154 1833 
2155 1611 
2155 1611 
2156 1072 
2157 1231 
2157 769 
2157 1416 
2158 1084 
2159 2175 
2159 1918 
2160 1968 
2160 1972 
2161 1921 
2161 905 
2161 2081 
2161 553 
2162 2146 
2165 1043 
2165 1634 
2166 1170 
2166 3305 
2166 3021 
2166 2654 
2166 2169 
2167 1866 
2168 1801 
2168 2168 
2168 1632 
2168 1851 
2168 2168 
2168 1138 
2168 441 
2169 1133 
2169 1529 
2169 2166 
2169 1170 
2170 1101 
2171 2172 
2171 1101 
2172 2171 
2173 2174 
2173 1175 
2174 2173 
2174 1385 
2174 1175 
2175 2122 
2175 2077 
2175 1918 
2175 2159 
2175 2049 
2176 1689 
2176 1908 
2177 2903 
2178 2590 
2179 2200 
2180 2935 
2181 2865 
2181 1012 
2181 648 
2182 2512 
2183 845 
2183 2677 
2183 3156 
2184 2306 
2184 2356 
2185 2539 
2186 3139 
2187 2666 
2188 3300 
2189 2303 
2189 2634 
2190 3145 
2191 2546 
2191 2499 
2192 2488 
2193 1431 
2193 2236 
2194 2656 
2195 2195 
2195 2209 
2195 2195 
2196 3279 
2197 2504 
2198 2198 
2198 2198 
2198 2281 
2199 2593 
2200 2179 
2201 2201 
2201 2201 
2202 3162 
2202 779 
2202 2460 
2202 828 
2202 31 
2203 2911 
2204 2762 
2204 2265 
2205 2900 
2205 2899 
2206 2675 
2206 3099 
2207 2855 
2207 2632 
2207 183 
2208 3212 
2209 2195 
2210 2275 
2210 1707 
2210 3085 
2211 2326 
2212 2474 
2212 2423 
2212 3132 
2212 2695 
2213 2244 
2213 3258 
2213 2740 
2214 2845 
2214 976 
2214 3235 
2215 2508 
2216 3044 
2217 3037 
2218 3194 
2219 2391 
2219 3151 
2220 2220 
2220 2220 
2221 2513 
2221 471 
2222 2567 
2223 3171 
2223 2264 
2223 2491 
2224 2779 
2224 2780 
2224 2558 
2224 3022 
2226 2341 
2226 2811 
2227 2844 
2228 3299 
2229 2597 
2230 3269 
2230 2345 
2231 2231 
2231 2231 
2232 3203 
2232 2540 
2232 3033 
2233 3158 
2233 2698 
2234 3051 
2234 3052 
2235 2992 
2235 2235 
2235 2235 
2236 2193 
2237 3273 
2238 3016 
2239 3114 
2240 3190 
2242 2665 
2243 2324 
2243 3074 
2244 1634 
2244 2213 
2245 2310 
2245 2390 
2245 2483 
2245 301 
2246 3034 
2246 2246 
2246 3035 
2246 2246 
2247 3189 
2247 3188 
2248 2746 
2249 2249 
2249 2249 
2249 2797 
2250 2904 
2251 3173 
2251 2955 
2252 3310 
2253 2299 
2253 2891 
2254 2519 
2255 2554 
2256 2256 
2256 2871 
2256 2256 
2257 3021 
2257 3207 
2257 1634 
2258 2476 
2258 2737 
2259 2442 
2259 2427 
2259 2744 
2259 2299 
2259 354 
2260 1420 
2260 3124 
2261 2356 
2261 2306 
2262 2412 
2263 2951 
2263 2959 
2264 2223 
2265 2204 
2266 2894 
2266 556 
2267 2776 
2268 2821 
2269 2375 
2269 3071 
2270 3051 
2271 2652 
2271 2603 
2272 2777 
2272 3007 
2273 2273 
2273 2273 
2274 2044 
2274 3127 
2275 2210 
2275 1707 
2275 3085 
2276 626 
2276 2843 
2277 3029 
2277 3029 
2278 1198 
2278 686 
2278 3040 
2278 1469 
2278 905 
2279 2750 
2280 2536 
2281 2198 
2282 1518 
2282 855 
2282 2646 
2283 3144 
2284 2302 
2285 2616 
2285 2285 
2285 2615 
2285 2285 
2286 2832 
2287 3215 
2288 2311 
2289 2794 
2290 3048 
2291 2830 
2292 2969 
2292 279 
2293 1543 
2294 3193 
2295 3161 
2295 2832 
2296 2763 
2297 3254 
2298 3023 
2299 2253 
2299 2259 
2300 2892 
2301 2917 
2302 2506 
2302 2284 
2303 2189 
2304 3030 
2305 2905 
2306 2306 
2306 2356 
2306 2184 
2306 2306 
2306 2261 
2307 2831 
2308 2934 
2308 3270 
2309 2538 
2310 3125 
2310 2245 
2311 2288 
2312 3149 
2313 3157 
2314 3282 
2315 2768 
2316 2406 
2316 1004 
2317 2457 
2318 3291 
2319 2561 
2319 2877 
2319 2878 
2320 2638 
2320 2401 
2321 2630 
2322 3203 
2322 2605 
2323 2832 
2324 2324 
2324 3074 
2324 3175 
2324 2243 
2324 2324 
2325 2594 
2325 2594 
2325 2595 
2326 2211 
2327 3221 
2328 3153 
2328 1667 
2329 2329 
2329 2329 
2330 3280 
2331 2996 
2332 1173 
2332 2955 
2333 2500 
2334 3290 
2334 3167 
2335 3200 
2335 3247 
2336 3119 
2336 851 
2337 3124 
2337 2731 
2338 3059 
2339 974 
2339 2596 
2339 378 
2340 2400 
2340 725 
2340 3164 
2341 2226 
2342 2528 
2342 332 
2343 3176 
2344 2624 
2344 2456 
2345 2230 
2346 3227 
2347 2860 
2348 2548 
2349 2733 
2349 3195 
2350 2793 
2350 2907 
2351 3013 
2351 3274 
2352 2479 
2353 2565 
2354 2808 
2354 2357 
2355 2945 
2356 2184 
2356 2261 
2356 2306 
2357 2354 
2358 2836 
2359 2564 
2360 2839 
2361 2556 
2361 130 
2361 460 
2362 614 
2362 2898 
2363 2927 
2363 1789 
2364 2418 
2365 3285 
2365 3285 
2366 3189 
2367 2517 
2368 2368 
2368 2368 
2369 3070 
2370 2835 
2371 377 
2371 3140 
2371 2422 
2372 2372 
2372 2372 
2373 2693 
2375 3213 
2375 2269 
2375 3214 
2375 3216 
2376 2965 
2377 2502 
2378 2682 
2378 2683 
2378 2684 
2379 3286 
2380 2628 
2381 3186 
2381 716 
2382 795 
2382 2678 
2383 2816 
2384 2872 
2385 2686 
2386 2786 
2387 2753 
2388 2388 
2388 2388 
2389 2941 
2390 2245 
2390 3125 
2391 2489 
2391 2219 
2392 2781 
2393 3209 
2394 1743 
2395 3181 
2396 2678 
2399 2976 
2400 725 
2400 2340 
2400 876 
2401 876 
2401 2320 
2401 218 
2402 2784 
2402 2553 
2402 3031 
2402 2785 
2403 3172 
2404 2960 
2404 2960 
2405 2785 
2405 2553 
2406 2316 
2407 354 
2407 2579 
2408 2738 
2410 3275 
2411 2741 
2412 2262 
2413 3133 
2414 3257 
2415 3041 
2415 960 
2416 2629 
2417 2971 
2418 2364 
2418 2753 
2418 3012 
2419 3043 
2420 2437 
2420 672 
2420 1931 
2421 2883 
2422 2371 
2423 2212 
2424 2887 
2425 2440 
2426 2756 
2427 2259 
2428 3106 
2428 3178 
2429 3155 
2429 874 
2430 2430 
2430 2430 
2431 2523 
2432 3031 
2432 2784 
2433 3218 
2434 2767 
2435 3240 
2436 2436 
2436 2436 
2437 672 
2437 3286 
2437 3165 
2437 2420 
2438 2465 
2438 2711 
2438 3244 
2438 2813 
2439 2671 
2440 2425 
2441 2699 
2441 855 
2441 3107 
2442 2259 
2443 3240 
2444 3167 
2444 3290 
2444 3168 
2445 2706 
2446 2525 
2446 365 
2447 2658 
2447 441 
2447 2657 
2448 2563 
2449 3075 
2450 3276 
2451 2910 
2452 2981 
2453 2912 
2454 2985 
2454 2984 
2454 2983 
2455 2850 
2455 861 
2455 2851 
2456 2344 
2456 2552 
2456 2624 
2456 3228 
2457 2317 
2458 2829 
2459 3154 
2460 828 
2460 79 
2460 1667 
2460 2202 
2460 1543 
2460 3153 
2460 3028 
2461 681 
2461 2790 
2462 2908 
2463 2669 
2463 373 
2464 37 
2464 278 
2465 2813 
2465 2711 
2465 2438 
2466 413 
2466 2868 
2467 2470 
2468 3204 
2468 3202 
2469 2540 
2470 1516 
2470 2467 
2471 2930 
2472 2817 
2473 2534 
2474 2212 
2475 2715 
2476 2258 
2476 2590 
2476 2736 
2477 3032 
2477 3259 
2478 2552 
2479 2352 
2480 3236 
2481 2631 
2482 285 
2483 3125 
2483 2245 
2484 2906 
2485 3125 
2486 2583 
2487 3185 
2488 2192 
2489 2391 
2490 2578 
2491 2223 
2492 2931 
2493 2854 
2494 1469 
2494 1198 
2494 686 
2494 3040 
2495 3294 
2496 2496 
2496 2496 
2497 2931 
2498 2695 
2499 2191 
2500 2500 
2500 2333 
2500 2500 
2501 2861 
2501 3180 
2501 3036 
2502 2377 
2503 2955 
2504 2197 
2505 2694 
2506 2302 
2507 3074 
2508 2215 
2509 2649 
2509 2638 
2510 3052 
2510 3051 
2511 3206 
2512 2182 
2513 2221 
2514 2599 
2515 3133 
2516 3108 
2517 2367 
2517 3108 
2518 2846 
2519 2254 
2520 3024 
2521 2557 
2522 3223 
2523 2431 
2524 2804 
2525 2446 
2525 2810 
2526 2732 
2527 3002 
2528 2342 
2529 311 
2529 2530 
2530 2529 
2530 311 
2531 2533 
2531 2711 
2531 3020 
2532 2711 
2533 2531 
2533 3020 
2534 2609 
2534 2473 
2534 2535 
2534 3125 
2535 2534 
2536 2280 
2537 2537 
2537 2537 
2538 2309 
2539 2185 
2539 2812 
2539 3042 
2540 2469 
2540 3033 
2540 2232 
2540 3202 
2540 3033 
2541 2542 
2541 2944 
2541 2902 
2542 2541 
2543 2996 
2544 2996 
2545 3274 
2546 2191 
2547 2893 
2548 2598 
2548 2348 
2549 2981 
2549 3138 
2550 3004 
2550 3005 
2551 2551 
2551 2551 
2552 2456 
2552 2478 
2553 2402 
2553 2405 
2553 2785 
2553 2784 
2554 2255 
2555 3110 
2556 3255 
2556 2361 
2557 2521 
2557 2726 
2558 2224 
2558 3022 
2558 2780 
2559 3120 
2559 246 
2560 2581 
2561 2878 
2561 2319 
2561 2877 
2562 2563 
2563 2562 
2563 2448 
2564 2359 
2565 2353 
2566 2567 
2567 2566 
2567 2222 
2568 2757 
2569 2729 
2570 344 
2570 2571 
2571 2570 
2572 3192 
2573 2965 
2574 3217 
2574 2651 
2575 3163 
2576 2916 
2577 2633 
2578 2696 
2578 2490 
2579 351 
2579 2407 
2579 2580 
2579 354 
2580 2579 
2580 2770 
2580 354 
2581 2560 
2582 2662 
2583 352 
2583 2486 
2584 2672 
2584 2586 
2584 2585 
2584 2586 
2585 2584 
2585 781 
2585 2586 
2585 354 
2586 2584 
2586 2585 
2586 354 
2586 2584 
2587 2587 
2587 2587 
2588 2745 
2589 2589 
2589 2589 
2590 2476 
2590 2178 
2591 2697 
2591 2698 
2591 821 
2592 3296 
2593 1312 
2593 62 
2593 3166 
2593 2199 
2593 3187 
2594 2325 
2594 2595 
2594 2595 
2594 2325 
2595 2594 
2595 2325 
2595 2594 
2596 2339 
2596 378 
2597 2229 
2598 2548 
2599 3093 
2599 2514 
2599 2979 
2600 3109 
2601 2642 
2601 2642 
2602 2603 
2602 2704 
2603 2602 
2603 2809 
2603 2271 
2604 2766 
2605 2613 
2605 2322 
2606 2607 
2606 2607 
2607 2608 
2607 2606 
2607 2606 
2608 2607 
2609 2534 
2610 2823 
2610 2759 
2611 2612 
2612 2611 
2613 2605 
2614 2617 
2614 2619 
2614 2616 
2615 2615 
2615 2285 
2615 2615 
2616 2614 
2616 2617 
2616 2618 
2616 2285 
2617 2614 
2617 2616 
2617 2618 
2618 2617 
2618 2619 
2618 2616 
2619 2618 
2619 2614 
2620 2621 
2621 2620 
2622 2859 
2623 2792 
2624 2456 
2624 2344 
2624 3228 
2624 3293 
2625 2626 
2626 2625 
2627 3018 
2628 2380 
2629 2416 
2629 2721 
2630 2321 
2631 2481 
2632 2207 
2633 2577 
2634 2189 
2635 2636 
2636 2635 
2637 3064 
2638 2919 
2638 2320 
2638 218 
2638 2509 
2638 876 
2639 2640 
2639 782 
2640 2639 
2640 782 
2641 3043 
2642 2601 
2642 2601 
2643 2645 
2644 2645 
2645 2644 
2645 2643 
2646 2282 
2646 3124 
2647 2702 
2648 2648 
2648 2648 
2649 2509 
2650 2660 
2651 2574 
2651 914 
2651 692 
2651 2994 
2652 2271 
2653 3256 
2653 2713 
2654 2166 
2654 1529 
2654 3305 
2655 2690 
2656 2194 
2657 2658 
2657 1286 
2657 1302 
2657 2447 
2657 2658 
2658 2658 
2658 2447 
2658 1532 
2658 1531 
2658 2657 
2658 2657 
2658 2658 
2659 2937 
2660 2650 
2661 2661 
2661 2661 
2662 2582 
2663 2664 
2664 2663 
2665 441 
2665 31 
2665 738 
2665 2745 
2665 2242 
2665 3080 
2666 2187 
2667 2711 
2667 3244 
2668 2670 
2668 2669 
2669 3191 
2669 686 
2669 2463 
2669 905 
2669 2668 
2670 2668 
2670 905 
2671 2439 
2672 2584 
2673 3141 
2675 3099 
2675 2206 
2677 79 
2677 2183 
2678 2396 
2678 2382 
2679 2679 
2679 2679 
2680 2680 
2680 2680 
2681 2709 
2682 2682 
2682 2683 
2682 2378 
2682 2684 
2682 2682 
2683 2378 
2683 2684 
2683 2682 
2684 2682 
2684 2683 
2684 2378 
2685 3297 
2686 687 
2686 686 
2686 1714 
2686 2385 
2686 905 
2686 769 
2687 2689 
2687 2688 
2688 2689 
2688 2687 
2689 2687 
2689 2688 
2690 2655 
2692 2923 
2693 2373 
2694 2505 
2695 2498 
2695 2212 
2696 3144 
2696 1867 
2696 2578 
2697 2591 
2698 2233 
2698 2591 
2699 2441 
2699 855 
2699 3107 
2699 1420 
2700 3231 
2701 3278 
2702 2647 
2703 3286 
2704 2602 
2705 2864 
2706 2445 
2707 2982 
2707 2739 
2708 2825 
2709 2681 
2710 2761 
2711 2531 
2711 2532 
2711 2667 
2711 2465 
2711 2813 
2711 2438 
2712 3089 
2713 2653 
2714 2939 
2715 2475 
2716 2717 
2717 2716 
2718 2719 
2719 2718 
2720 3015 
2721 2629 
2721 3286 
2722 2723 
2723 2722 
2724 2744 
2724 2778 
2725 2725 
2725 2725 
2726 2557 
2727 2913 
2728 905 
2728 887 
2728 3174 
2728 553 
2728 891 
2729 2569 
2730 2987 
2731 2337 
2732 2526 
2733 2746 
2733 2349 
2733 3195 
2734 2809 
2735 3047 
2736 2476 
2737 2258 
2738 2408 
2738 1528 
2739 715 
2739 2707 
2740 2213 
2741 2411 
2742 1122 
2742 2880 
2743 3298 
2744 2724 
2744 3078 
2744 2833 
2744 2259 
2745 3115 
2745 464 
2745 2588 
2745 2665 
2745 122 
2746 3195 
2746 2733 
2746 2248 
2747 2748 
2748 2747 
2749 3264 
2750 2279 
2751 2856 
2752 2889 
2753 2418 
2753 2387 
2753 1708 
2754 2755 
2755 2754 
2756 3119 
2756 2426 
2756 851 
2757 2568 
2758 3063 
2759 2610 
2760 2955 
2761 2710 
2762 2204 
2763 2296 
2765 2995 
2765 441 
2765 1528 
2766 2604 
2767 3272 
2767 806 
2767 2434 
2768 2315 
2769 3142 
2770 354 
2770 2580 
2771 3277 
2772 3239 
2773 2783 
2773 41 
2774 31 
2774 1357 
2775 2776 
2776 2775 
2776 2267 
2777 2272 
2777 3088 
2778 2724 
2779 2224 
2780 2870 
2780 2224 
2780 3022 
2780 2558 
2781 2392 
2782 2782 
2782 2782 
2783 2773 
2784 3094 
2784 2402 
2784 3031 
2784 2432 
2784 2553 
2785 2405 
2785 2553 
2785 2402 
2786 2386 
2787 2788 
2788 2787 
2789 2946 
2790 2461 
2791 553 
2791 3208 
2792 2623 
2792 1227 
2793 2350 
2794 2795 
2794 2289 
2795 1241 
2795 2794 
2796 2999 
2797 2249 
2798 3243 
2799 3128 
2799 339 
2800 2801 
2801 2800 
2802 3092 
2804 2524 
2805 2805 
2805 3112 
2805 2807 
2805 3113 
2805 2805 
2806 2807 
2807 2806 
2807 2805 
2808 2354 
2809 3129 
2809 2734 
2809 2603 
2810 2525 
2811 2226 
2812 2539 
2812 471 
2812 31 
2813 2465 
2813 2438 
2813 2711 
2814 2815 
2815 2814 
2816 2383 
2817 2472 
2818 2819 
2819 2818 
2820 2889 
2821 2268 
2822 2822 
2822 2928 
2822 2822 
2823 2610 
2824 2977 
2824 2977 
2825 2708 
2826 3123 
2826 1906 
2828 3219 
2829 2458 
2829 2933 
2830 2291 
2831 2307 
2832 3161 
2832 2323 
2832 3160 
2832 2286 
2832 3200 
2832 2295 
2833 2744 
2834 2963 
2835 2370 
2836 2358 
2837 2882 
2837 2838 
2838 2837 
2839 2840 
2839 2840 
2839 2360 
2840 2839 
2840 2839 
2840 3107 
2841 2842 
2842 2841 
2843 626 
2843 2276 
2844 2227 
2845 2214 
2846 2518 
2847 2849 
2847 1807 
2847 2848 
2848 2847 
2849 2847 
2850 2455 
2851 2455 
2852 2853 
2852 2853 
2853 2852 
2853 2852 
2854 2493 
2855 185 
2855 199 
2855 2207 
2856 2751 
2856 1354 
2859 2622 
2860 1005 
2860 2347 
2861 2501 
2862 2932 
2862 2932 
2863 3131 
2863 2864 
2864 3286 
2864 2863 
2864 3185 
2864 2705 
2865 2181 
2865 946 
2865 648 
2866 3181 
2867 3019 
2867 2929 
2868 2466 
2868 413 
2869 3170 
2869 2936 
2870 2780 
2871 2256 
2872 2384 
2873 1580 
2874 3105 
2875 2914 
2876 2947 
2877 2561 
2877 2319 
2878 2561 
2878 3201 
2878 3046 
2878 2319 
2878 3278 
2880 2742 
2881 3135 
2882 2837 
2883 2421 
2883 3240 
2884 2884 
2884 2884 
2885 2885 
2885 2885 
2886 2888 
2886 2887 
2887 2424 
2887 2886 
2888 2886 
2889 2752 
2889 2820 
2890 2918 
2891 2253 
2892 2300 
2893 2547 
2894 3048 
2894 2266 
2894 556 
2895 653 
2895 2897 
2896 2897 
2897 2895 
2897 2896 
2898 2362 
2899 2205 
2900 2205 
2901 3279 
2902 2541 
2903 2177 
2904 2250 
2905 2305 
2906 2484 
2907 2350 
2908 2462 
2909 3043 
2910 2451 
2911 2203 
2912 2453 
2913 2727 
2914 2875 
2915 2942 
2916 2576 
2917 2301 
2918 2890 
2919 2638 
2920 2920 
2920 2920 
2921 2922 
2922 2921 
2923 95 
2923 2692 
2923 2924 
2924 2923 
2925 2925 
2925 2925 
2926 3249 
2927 2363 
2928 2822 
2929 2867 
2930 2471 
2930 2980 
2931 2497 
2931 2492 
2932 2862 
2932 2862 
2933 2829 
2934 2308 
2934 3270 
2935 2180 
2936 2869 
2937 2659 
2937 2938 
2938 2937 
2939 2714 
2940 3076 
2941 2389 
2942 2915 
2944 2541 
2945 2355 
2946 2789 
2947 2876 
2948 1173 
2948 2955 
2949 2949 
2949 1152 
2949 2949 
2950 2956 
2950 2953 
2951 2263 
2952 2955 
2953 2956 
2953 2950 
2954 2955 
2955 3173 
2955 1173 
2955 2332 
2955 2958 
2955 2251 
2955 2948 
2955 1813 
2955 2952 
2955 2954 
2955 2503 
2955 2760 
2956 2950 
2956 2953 
2957 2959 
2957 1813 
2958 2955 
2959 2957 
2959 2263 
2960 2404 
2960 2404 
2961 716 
2961 3186 
2962 2962 
2962 2962 
2963 2834 
2964 3143 
2965 2573 
2965 2376 
2966 2967 
2967 2966 
2968 3225 
2969 2292 
2969 1897 
2969 279 
2970 1528 
2970 3210 
2971 2417 
2972 3220 
2973 2973 
2973 2973 
2974 3077 
2975 3118 
2976 3303 
2976 2399 
2977 2824 
2977 2824 
2978 2978 
2978 2978 
2979 2599 
2980 3043 
2980 2930 
2981 2549 
2981 2452 
2982 2707 
2983 2986 
2983 2984 
2983 2454 
2984 2454 
2984 2985 
2984 2983 
2985 2454 
2985 2984 
2985 2986 
2985 676 
2986 2983 
2986 2985 
2987 2730 
2987 530 
2988 2989 
2989 2988 
2990 2990 
2990 2990 
2991 2991 
2991 2991 
2992 2235 
2993 3311 
2994 2651 
2995 2765 
2995 1851 
2996 2543 
2996 3233 
2996 2997 
2996 2331 
2996 2544 
2997 2996 
2998 3109 
2999 2796 
3000 3265 
3001 3307 
3002 2527 
3003 3003 
3003 3003 
3004 2550 
3005 3006 
3005 279 
3005 2550 
3006 3005 
3006 279 
3007 2272 
3008 3009 
3009 1851 
3009 3008 
3010 3011 
3011 3010 
3012 2418 
3013 3274 
3013 2351 
3013 1858 
3014 3015 
3014 373 
3014 3169 
3015 3014 
3015 471 
3015 297 
3015 373 
3015 2720 
3015 3169 
3016 3017 
3016 2238 
3017 3016 
3018 2627 
3019 2867 
3020 2533 
3020 2531 
3020 936 
3021 1529 
3021 2166 
3021 2257 
3022 2780 
3022 2224 
3022 2558 
3023 2298 
3024 2520 
3026 3027 
3027 3026 
3028 3162 
3028 779 
3028 828 
3028 2460 
3028 1667 
3028 31 
3029 3029 
3029 2277 
3029 2277 
3029 3029 
3030 3030 
3030 2304 
3030 3030 
3031 2432 
3031 2402 
3031 2784 
3032 2477 
3033 2540 
3033 3202 
3033 3057 
3033 2540 
3033 2232 
3034 2246 
3034 3035 
3035 3034 
3035 2246 
3036 2501 
3037 1829 
3037 2217 
3038 3045 
3039 3073 
3040 905 
3040 2278 
3040 2494 
3041 770 
3041 2415 
3041 905 
3042 2539 
3043 3111 
3043 2419 
3043 2909 
3043 185 
3043 2980 
3043 2641 
3044 2216 
3044 2105 
3045 3038 
3046 3201 
3046 638 
3046 2878 
3047 2735 
3048 2290 
3048 2894 
3049 3050 
3050 3049 
3051 2234 
3051 3052 
3051 2510 
3051 3054 
3051 2270 
3052 3053 
3052 2510 
3052 2234 
3052 3051 
3053 3052 
3054 3051 
3055 3056 
3056 3055 
3057 3033 
3058 3231 
3059 2338 
3060 3061 
3061 3062 
3061 3060 
3062 3061 
3063 2758 
3064 2637 
3065 3066 
3065 3067 
3066 3065 
3066 3067 
3067 3066 
3067 3065 
3068 3069 
3069 3068 
3070 2369 
3071 2269 
3071 3072 
3072 3071 
3073 3039 
3074 2243 
3074 2324 
3074 3175 
3074 2507 
3075 2449 
3076 2940 
3077 2974 
3078 2744 
3079 3080 
3080 3079 
3080 2665 
3081 3082 
3081 3084 
3082 3084 
3082 3081 
3083 3084 
3084 3082 
3084 3081 
3084 3083 
3085 993 
3085 2275 
3085 2210 
3085 993 
3086 3086 
3086 3086 
3087 3109 
3088 2777 
3089 2712 
3090 3196 
3091 3091 
3091 3091 
3092 2802 
3093 2599 
3093 897 
3094 2784 
3095 3182 
3095 3096 
3095 3097 
3096 3097 
3096 3182 
3096 3095 
3097 3096 
3097 3095 
3098 3099 
3099 2675 
3099 3098 
3099 2206 
3100 3101 
3101 3100 
3103 3274 
3105 2874 
3105 3220 
3106 2428 
3107 2699 
3107 2840 
3107 2441 
3107 855 
3108 2517 
3108 2516 
3109 2998 
3109 2600 
3109 3087 
3110 2555 
3111 3043 
3112 2805 
3113 2805 
3114 2239 
3115 2745 
3116 3190 
3117 183 
3118 2975 
3119 2756 
3119 2336 
3120 2559 
3121 3122 
3122 194 
3122 3121 
3123 1698 
3123 2826 
3123 1906 
3124 1849 
3124 2260 
3124 2646 
3124 2337 
3124 855 
3125 2483 
3125 2310 
3125 2485 
3125 2534 
3125 2390 
3126 3126 
3126 3126 
3127 2274 
3128 2799 
3129 2809 
3130 291 
3130 3131 
3131 3130 
3131 2863 
3132 2212 
3133 2413 
3133 3134 
3133 2515 
3134 3133 
3135 2881 
3136 3137 
3137 3136 
3138 2549 
3139 2186 
3140 2371 
3141 2673 
3142 2769 
3143 2964 
3144 2283 
3144 2696 
3145 2190 
3146 3295 
3146 3150 
3146 3147 
3146 3148 
3146 3150 
3146 3149 
3146 3151 
3147 3146 
3147 3150 
3147 3149 
3148 3146 
3149 3150 
3149 3146 
3149 2312 
3149 3150 
3149 3147 
3150 3146 
3150 3149 
3150 3149 
3150 3146 
3150 3147 
3151 2219 
3151 962 
3151 3146 
3152 3152 
3152 3152 
3153 2460 
3153 1667 
3153 2328 
3154 2459 
3155 2429 
3156 3159 
3156 460 
3156 2183 
3157 2313 
3158 2233 
3158 339 
3159 3156 
3159 460 
3160 2832 
3161 2295 
3161 2832 
3162 609 
3162 3028 
3162 79 
3162 2202 
3163 2575 
3164 2340 
3165 2437 
3166 2593 
3167 2334 
3167 2444 
3167 3168 
3167 3290 
3168 2444 
3168 3290 
3168 3167 
3169 3015 
3169 3014 
3170 2869 
3171 2223 
3172 3304 
3172 2403 
3173 2251 
3173 2955 
3174 2728 
3175 2324 
3175 3074 
3176 2343 
3177 3178 
3178 2428 
3178 3177 
3179 3179 
3179 3179 
3180 2501 
3181 2866 
3181 2395 
3182 3095 
3182 3096 
3183 3184 
3183 404 
3183 401 
3184 3183 
3185 402 
3185 2864 
3185 2487 
3186 2381 
3186 2961 
3187 2593 
3188 2247 
3189 2247 
3189 2366 
3190 2240 
3190 3116 
3191 266 
3191 2669 
3191 905 
3192 2572 
3193 2294 
3194 2218 
3195 2746 
3195 2349 
3195 2733 
3196 3090 
3197 3197 
3197 3197 
3198 3199 
3199 3199 
3199 3199 
3199 3198 
3200 2335 
3200 2832 
3201 2878 
3201 3046 
3202 3033 
3202 3203 
3202 2540 
3202 2468 
3203 2232 
3203 2322 
3203 3202 
3204 2468 
3205 3234 
3205 615 
3206 2511 
3207 2257 
3207 3207 
3207 3207 
3208 2791 
3209 2393 
3209 577 
3210 2970 
3211 3213 
3212 3213 
3212 2208 
3212 3216 
3213 3211 
3213 3212 
3213 2375 
3214 2375 
3215 2287 
3216 3212 
3216 2375 
3217 615 
3217 2574 
3218 2433 
3219 2828 
3220 2972 
3220 3105 
3221 2327 
3222 3281 
3222 3240 
3223 2522 
3225 2968 
3226 3227 
3227 2346 
3227 3226 
3228 2624 
3228 3228 
3228 2037 
3228 2456 
3228 3228 
3229 3230 
3230 3229 
3231 3058 
3231 2700 
3232 3233 
3233 2996 
3233 3232 
3234 3205 
3235 2214 
3236 2480 
3236 616 
3239 2772 
3240 3222 
3240 2883 
3240 2435 
3240 2443 
3241 3242 
3242 3241 
3243 2798 
3244 2667 
3244 2438 
3245 3246 
3246 3245 
3247 2335 
3248 3289 
3249 2926 
3250 3251 
3251 3250 
3252 3253 
3252 184 
3253 3252 
3254 2297 
3255 2556 
3255 1521 
3256 2653 
3257 2414 
3258 341 
3258 2213 
3259 2477 
3260 3263 
3261 3263 
3262 1823 
3262 1651 
3263 3260 
3263 3261 
3264 2749 
3265 3000 
3266 3267 
3267 3266 
3267 185 
3269 2230 
3270 2308 
3270 2934 
3272 2767 
3273 2237 
3273 446 
3274 2351 
3274 3013 
3274 1858 
3274 3103 
3274 1859 
3274 2545 
3275 2410 
3276 2450 
3277 2771 
3278 2701 
3278 2878 
3279 2901 
3279 972 
3279 55 
3279 2196 
3280 2330 
3281 3222 
3282 2314 
3283 3284 
3284 3283 
3285 2365 
3285 2365 
3286 2864 
3286 2379 
3286 2703 
3286 2437 
3286 2721 
3287 3288 
3288 3287 
3289 3248 
3290 2334 
3290 3167 
3290 2444 
3290 3168 
3291 2318 
3291 56 
3292 3292 
3292 3292 
3293 2624 
3294 2495 
3295 3146 
3296 2592 
3296 853 
3297 2685 
3298 2743 
3299 2228 
3300 2188 
3302 3306 
3303 2976 
3303 218 
3303 876 
3304 3172 
3305 2166 
3305 2654 
3306 3302 
3307 3001 
3308 3309 
3309 3308 
3310 2252 
3311 2993 
