439 365
644 42
1101 1840
204 204
483 189
1004 619
55 971
441 1723
2189 2303
2077 2175
1273 1714
1297 1725
1878 1684
3283 3284
1003 247
985 350
2616 2614
483 51
1875 1988
2668 2670
1787 1052
1927 1790
364 911
459 573
390 234
1646 421
1129 1969
364 251
848 984
553 1951
1500 1417
1638 1375
3014 3015
2259 2442
2050 1423
1349 1290
768 727
1241 1514
637 149
1729 1627
1470 1954
2593 1312
1000 67
483 516
1673 1958
960 711
291 694
184 1761
1912 1083
745 911
3149 3150
422 1899
3125 2483
699 85
1051 1253
1518 1519
905 2081
1876 686
2566 2567
441 1478
905 2278
1731 1314
522 616
3290 2334
2207 2855
1470 1704
1407 1179
48 106
97 5
780 267
1528 1255
1918 2095
3175 2324
780 1282
847 436
318 481
876 2401
1780 1288
40 146
3125 2310
611 950
483 355
3269 2230
291 3130
2699 2441
292 233
1564 1563
293 396
887 1951
2832 3161
2335 3200
86 626
312 315
819 634
390 180
553 673
661 735
857 775
2050 1648
2784 3094
9 970
1625 1315
170 494
985 629
323 512
682 569
5 36
1922 1901
768 1876
3032 2477
79 278
608 773
1555 1555
0 690
848 348
2142 2144
814 807
9 260
291 317
1692 1593
699 251
3239 2772
1710 1409
522 1249
978 917
1079 1931
544 14
986 651
620 623
1001 377
31 2082
2027 1093
1867 1866
1736 1735
1972 2160
862 474
643 348
418 1002
1012 2031
1994 1819
3041 770
2031 1238
1277 2043
57 1127
1523 1826
1664 1921
265 194
2832 2323
184 697
495 19
390 608
2727 2913
880 645
1045 1944
1733 1059
518 952
471 2812
1500 1088
1890 1253
3084 3082
2996 2543
1175 278
0 55
828 2460
999 1000
698 700
643 35
2971 2417
699 714
533 533
3043 3111
2148 1203
3056 3055
385 386
663 17
88 1998
2976 3303
471 127
1038 1404
383 384
782 2640
1150 421
1716 1139
764 723
2509 2649
266 152
3278 2701
792 793
1701 2057
2233 3158
1406 1380
3147 3146
422 28
1438 1329
769 1273
2006 2110
698 549
2865 2181
1204 1208
364 523
876 65
1858 3274
699 516
3154 2459
364 673
3260 3263
979 237
275 153
1175 2174
297 504
266 3191
612 271
509 340
2232 3203
284 732
999 67
646 2150
951 399
1223 1964
2299 2253
1743 1874
96 997
1120 1604
495 979
144 141
2693 2373
693 404
3123 1698
1222 1540
3136 3137
471 797
3276 2450
1856 1868
2258 2476
2016 2017
2945 2355
158 970
2813 2465
204 945
349 1177
410 622
1050 1254
2806 2807
1753 1628
390 772
1653 1237
2830 2291
644 1010
2052 2025
673 376
608 639
572 841
1381 1162
497 145
1036 1485
1004 802
1735 1359
917 112
179 1075
488 39
2128 1244
2344 2624
28 105
637 325
290 157
3272 2767
1223 1711
855 3107
22 303
730 320
2350 2793
144 146
995 935
2640 2639
986 61
1406 1715
2752 2889
862 1129
1347 1089
2657 2658
1695 1828
371 895
448 810
1029 1100
418 453
659 70
1683 1684
616 574
2112 1332
3290 3167
281 144
609 828
1797 1727
658 82
390 483
172 1934
533 534
460 2361
30 2064
2210 2275
2814 2815
1119 1119
773 773
1646 1883
2795 1241
556 829
471 732
669 251
2599 3093
855 3124
2198 2198
1589 1149
1725 1427
141 1002
390 7
295 602
571 95
378 947
1863 1336
2049 1964
1098 133
1900 1221
268 561
1818 1256
1850 1998
996 751
1135 1747
1918 1811
364 697
390 711
352 353
22 469
41 2773
471 179
776 883
359 0
57 157
655 1007
3122 194
917 327
483 481
1949 1948
97 949
1657 1080
912 826
641 209
1984 1747
329 97
1920 1663
655 508
3155 2429
2910 2451
1838 1837
2715 2475
79 2460
3202 3033
769 2157
643 923
522 999
0 415
2955 3173
274 36
2696 3144
471 1169
1148 710
643 840
319 135
341 868
1652 1868
1613 1190
1165 2066
2184 2306
263 425
3220 2972
37 310
3099 2675
2083 1637
501 1007
2083 1356
400 402
390 318
1096 1490
1732 1731
126 617
1279 779
2224 2779
1848 1216
3123 2826
18 59
488 368
263 122
3234 3205
985 917
295 634
1033 2014
738 789
1034 1666
2940 3076
1152 2949
1220 1075
364 103
1114 2059
2990 2990
2192 2488
3218 2433
1143 1980
483 244
769 686
218 1724
1292 1854
323 109
3305 2166
1977 1327
1560 341
173 514
1687 421
3096 3097
1972 1643
1381 2079
1004 920
293 651
354 1958
2361 2556
747 356
416 453
2046 2047
558 475
685 686
748 1761
1526 1761
772 896
2273 2273
2027 1065
53 309
609 3162
3190 2240
482 51
85 366
986 935
612 52
1108 1317
2302 2506
1101 1864
3085 993
2105 1144
876 2104
2584 2672
1530 1185
291 154
69 355
876 1247
1371 1078
3043 2419
637 150
916 5
876 1489
434 506
2669 3191
84 743
2187 2666
2378 2682
2030 2090
422 194
1880 1257
976 355
1473 1569
814 866
439 51
2657 1286
1134 1422
1114 2104
339 2799
16 145
2887 2424
37 2464
1256 1818
2277 3029
648 2865
1033 2015
2695 2498
1268 2120
1707 2275
2536 2280
847 760
2050 2112
2338 3059
2996 3233
1101 1609
1952 1952
409 191
364 517
1153 1629
418 141
328 617
1852 1257
28 106
3086 3086
780 1664
390 221
1524 1581
941 938
1894 1893
0 691
2919 2638
1986 1747
1039 1212
2531 2533
615 306
2195 2195
1616 1616
2796 2999
573 257
1820 1259
5 63
699 987
0 446
285 2482
822 767
396 723
63 949
1701 324
693 400
1823 1651
1158 1571
364 746
2556 3255
2955 1173
2745 3115
2832 3160
390 702
390 219
799 167
522 1000
488 1010
1392 1090
1599 1685
847 46
1585 1629
465 466
862 90
287 692
40 625
2686 687
279 210
693 405
1310 2116
381 605
3142 2769
3072 3071
2601 2642
22 599
725 2400
3061 3062
2847 2849
1100 1579
698 619
522 987
326 324
847 593
3006 3005
608 238
1154 1117
2320 2638
2993 3311
1460 1124
3028 3162
343 869
1114 1187
2110 2112
661 313
119 810
780 262
763 800
2661 2661
3256 2653
763 50
847 723
2523 2431
502 508
780 1006
1622 1622
1735 1314
1051 2121
1460 1140
88 1281
517 871
1174 1200
1664 1991
522 153
291 159
1043 2139
447 778
1862 1430
2622 2859
2978 2978
3065 3066
2031 946
2135 1194
1426 2119
1381 1268
1966 1548
542 101
1125 1302
1546 1763
659 979
1701 327
1740 1741
1918 1276
3267 3266
471 1232
3177 3178
1031 1645
1230 1514
1406 2135
1466 2045
1479 2012
2927 2363
528 528
1632 2168
265 501
2782 2782
661 836
1525 1661
1731 1583
3250 3251
389 936
2575 3163
1851 2168
2157 1231
1778 1778
2855 185
801 754
338 555
1512 1824
387 650
2305 2905
1004 502
471 3015
905 2728
1833 2154
743 979
437 711
747 805
2243 2324
3305 2654
698 697
3183 3184
1952 1112
0 0
2878 2561
390 896
1918 1188
1744 1378
2002 1954
754 802
2440 2425
388 249
852 565
1193 1548
847 202
2776 2775
1073 1075
747 355
673 377
644 271
2711 2531
673 839
1261 1750
788 579
275 28
2050 1980
1979 2149
2580 2579
1059 1378
304 304
2650 2660
2118 774
678 44
1980 2112
1812 2152
2956 2950
2249 2249
847 307
1918 1308
0 670
275 1000
3081 3082
65 0
571 697
677 868
748 956
530 879
747 746
1354 1019
2319 2561
2493 2854
3148 3146
600 671
447 213
1882 2101
1414 1025
1517 1335
968 969
2823 2610
1512 1409
600 569
985 515
849 40
1860 1242
2829 2458
2083 2082
1728 1729
1851 3009
25 655
2723 2722
905 686
3281 3222
643 661
2818 2819
296 1007
822 242
308 868
2615 2615
471 1075
390 516
672 215
1079 1742
2564 2359
631 241
938 394
1472 1585
488 271
2651 2574
1254 754
1956 251
2210 1707
3204 2468
699 906
1968 474
958 844
1083 1083
416 1003
572 697
1900 1811
291 1714
685 687
471 1357
2081 1305
523 261
432 915
381 606
2276 626
2021 2079
279 3006
552 952
364 777
422 987
2671 2439
521 616
1222 2044
716 2961
2010 2011
1731 1737
2320 2401
1908 1166
522 28
364 701
425 426
3267 185
343 1804
2069 2068
574 310
389 334
699 310
735 813
1065 1093
422 54
770 771
2832 2286
2615 2285
429 1512
1935 1567
2628 2380
390 450
62 802
2998 3109
2631 2481
892 500
822 146
3157 2313
1083 1440
21 1678
3274 2351
1957 1409
646 732
1827 2072
670 0
1770 1771
847 594
1614 1773
665 728
374 94
750 712
291 501
429 732
1374 2149
1401 1401
1379 1605
533 732
1148 1403
28 48
390 182
1419 1921
291 470
338 901
3001 3307
1667 1326
2651 914
1740 1766
41 418
1119 2036
1733 1495
342 771
1638 1181
439 755
1990 1311
2777 2272
2590 2476
1735 1736
816 723
3171 2223
429 1172
1045 1980
439 669
2145 2054
3095 3182
1155 1213
1918 2094
1680 1014
969 684
183 452
1042 1679
2197 2504
1406 1367
439 302
285 356
30 1650
1038 1682
1597 1598
471 1199
1687 1236
2906 2484
318 51
998 176
847 242
329 661
1725 1417
1540 1266
608 168
2169 1133
471 30
698 481
1507 1150
297 3015
3213 3211
1230 1811
1959 1673
1100 1723
2648 2648
1406 2070
1413 1240
339 3158
1374 1979
605 185
398 820
1435 2008
1406 1314
1677 1724
1740 1740
699 575
825 321
3126 3126
1354 2856
488 790
1047 1613
262 797
218 2401
471 802
1004 122
1798 2108
471 276
2274 2044
998 106
2949 2949
1731 1731
329 36
848 814
2048 1846
24 947
31 2202
1083 1912
1180 1196
661 63
1731 1194
646 1650
390 82
1637 1375
390 550
753 874
2742 1122
745 805
1459 1104
1896 2051
2541 2542
1048 1028
654 255
1835 1836
3051 2234
1694 1810
1970 1971
389 467
1928 1784
930 939
2218 3194
389 196
2263 2951
506 721
1602 1829
2724 2744
471 122
275 105
1068 592
2856 2751
2558 2224
977 516
99 723
3176 2343
2863 3131
1175 1360
916 813
847 984
652 397
1891 1236
862 732
867 868
410 241
1406 1370
1101 2132
123 547
2006 2005
731 166
659 750
1771 2123
584 202
1599 1078
2064 1921
1129 1937
793 859
1414 1476
806 247
951 277
661 835
207 499
391 189
44 868
278 444
2174 2173
956 54
3212 3213
1034 1665
612 569
672 2437
100 680
1621 2137
522 956
663 858
715 610
1918 2151
1150 2118
2901 3279
1496 1746
332 597
2262 2412
262 673
439 517
265 69
390 444
3078 2744
299 468
0 585
390 28
493 492
1624 1549
64 210
1273 1454
1254 2043
961 0
905 2161
1445 2024
1736 1359
677 1984
758 193
2299 2259
1706 610
2022 1402
747 51
947 974
742 475
372 1007
439 702
2957 2959
2010 2010
192 607
1038 1174
495 935
994 990
447 296
353 164
643 83
2344 2456
338 463
1752 1628
2714 2939
1517 1268
1532 1532
439 364
1083 2093
1016 2138
1046 1286
123 669
1040 1679
1071 1744
278 182
452 605
653 225
1352 1449
2897 2895
799 777
2006 2109
1568 235
1701 326
1649 1272
3189 2247
397 778
3124 1849
2890 2918
1580 2043
2931 2497
3286 2864
719 347
2745 464
388 676
3274 3013
364 167
699 755
753 227
855 2441
1455 2072
917 326
1068 1718
1716 1716
659 877
714 54
1230 2097
3286 2379
1941 1244
482 697
71 939
822 144
2614 2617
2745 2588
932 386
1067 1251
1817 1623
5 949
1460 1061
1833 1656
2333 2500
847 741
291 640
1226 1821
1040 1078
1314 1583
1522 1319
1406 1316
2056 1341
0 591
2585 2584
8 868
999 54
1406 1731
2981 2549
2642 2601
1724 1267
3058 3231
567 1650
1611 2155
631 226
58 180
643 682
1420 432
3286 2703
390 259
469 697
35 500
1853 1582
502 755
443 443
889 890
1935 1936
822 145
2534 2609
1630 14
909 446
1928 1927
2430 2430
3047 2735
405 2134
537 380
872 213
799 803
640 639
390 668
691 898
13 250
1406 1733
1068 2115
3003 3003
1470 1705
631 988
1047 1679
1542 1422
364 51
1731 1584
383 108
659 660
788 319
51 470
1928 2022
1054 1491
1706 1612
673 762
891 428
301 68
1168 1511
1046 2024
654 240
2805 2805
1005 2860
1667 2460
1842 1139
905 2670
961 635
1120 1606
1759 1486
832 17
3225 2968
2100 2102
2776 2267
1852 1340
3199 3199
2784 2402
2885 2885
2168 1801
2833 2744
1919 1920
547 697
1985 1734
2232 2540
1092 2009
2135 2141
2595 2594
483 525
373 3015
1796 1326
2089 2087
1493 1738
887 262
33 260
2496 2496
731 979
788 89
447 93
1693 1844
953 684
972 3279
2840 2839
86 797
391 382
64 239
390 155
2616 2617
1517 2079
2862 2932
1380 1591
2853 2852
30 1788
2416 2629
847 181
1101 2171
954 737
2669 686
1014 1365
887 697
1481 2139
1148 1687
278 310
263 768
1636 1253
1759 1561
115 671
2212 2474
2278 1198
2121 1299
439 212
276 580
993 605
86 585
780 272
373 374
1727 2097
741 1009
439 444
389 579
2049 1308
905 1234
3052 3053
936 937
24 952
2224 2780
1560 1339
1045 1453
572 549
601 17
712 935
654 202
876 1724
32 686
714 67
1023 1875
2080 1300
2614 2619
1756 1785
272 310
381 713
3021 1529
2710 2761
1356 2061
2740 2213
824 970
2552 2456
996 752
1004 365
1396 1236
848 985
1615 1411
887 2728
1843 1738
2923 95
87 87
856 877
105 180
708 223
765 363
643 271
1528 2970
476 475
635 491
1637 2026
773 706
1003 494
1916 1422
709 707
483 918
2015 2014
2153 1800
847 509
2934 2308
1631 90
1038 1107
663 643
1428 1429
390 929
79 460
1971 1400
184 106
2221 2513
1731 1071
3262 1823
616 7
905 685
265 655
2603 2602
275 54
2169 1529
2351 3013
2917 2301
3106 2428
2808 2354
2920 2920
1386 1758
2579 351
89 546
2525 2446
3095 3096
3173 2251
2130 2129
2502 2377
1363 1759
460 1006
2258 2737
2546 2191
2489 2391
285 697
926 927
263 424
1878 1265
2455 2850
1801 2024
2350 2907
531 532
3195 2746
3151 2219
471 2221
1460 1761
439 332
269 80
1044 1274
986 548
1623 1623
2087 2086
2136 1394
1203 1432
613 611
1524 1934
547 572
1528 1814
295 771
373 262
1174 1404
2739 715
339 813
1103 2103
3241 3242
554 58
67 105
3138 2549
34 366
1045 1704
2847 1807
616 67
298 764
838 383
780 1991
1740 1282
471 504
278 1267
1414 1355
2810 2525
1638 1356
1924 1404
450 896
270 868
2987 2730
9 202
2243 3074
1083 1196
3183 404
1693 1260
3185 402
2953 2956
2050 2006
1944 1945
266 732
88 152
243 617
685 697
1911 1248
1094 1676
291 516
1374 1410
3258 341
2960 2404
1918 2175
2967 2966
2750 2279
2621 2620
699 700
1031 1872
1380 1014
2004 1214
280 917
2658 2658
1420 1770
1549 1624
2508 2215
204 650
3273 2237
3186 2381
2040 2028
1506 1294
2511 3206
1708 1214
1528 2738
396 213
1532 1286
2105 1100
616 2018
47 778
646 1282
1154 1135
1516 1329
3096 3182
1045 1955
1675 1933
1648 1243
390 10
848 509
490 805
546 548
1443 1534
822 412
1013 2024
1348 1965
798 713
1498 130
1043 2165
1816 1727
441 2665
612 965
618 240
849 607
32 697
1005 1586
1373 1152
329 821
2633 2577
1683 1325
2878 3201
753 628
1925 2075
1799 1540
276 901
1029 1248
1368 1355
2226 2341
0 111
1376 762
1423 1980
3212 2208
677 678
488 950
130 182
2375 3213
854 854
737 730
439 414
3174 2728
980 990
1889 1344
1895 1991
699 366
2357 2354
1929 2078
1018 1524
1606 1604
1464 1761
364 525
1418 1306
781 2585
847 595
460 3156
3052 2510
295 535
471 541
862 1968
3228 2624
731 139
2874 3105
390 363
668 802
1114 2058
1059 1014
753 160
291 708
926 253
769 685
1389 1146
1386 1358
492 570
934 680
3240 3222
574 95
1801 1531
926 244
386 240
772 706
877 718
1005 1336
1717 1887
2785 2405
1957 1026
780 2064
1090 1404
477 753
1160 2083
1924 1275
11 945
1731 1985
2329 2329
848 515
1626 1224
263 769
517 673
1206 1604
3108 2517
31 2665
3083 3084
2214 2845
767 473
1030 1244
3261 3263
1599 1950
2832 3200
547 244
695 1301
842 180
688 180
643 239
87 597
300 418
2345 2230
274 735
14 868
304 634
1678 1198
684 216
860 214
946 1238
551 679
1017 1549
471 556
291 336
705 432
2773 2783
209 347
1886 1944
364 470
1392 1608
2702 2647
2554 2255
3022 2780
283 263
488 17
1916 853
295 228
359 358
278 2464
700 619
698 572
429 601
305 236
979 885
2139 1498
34 828
534 732
677 867
22 455
2353 2565
838 108
615 3205
2678 2396
1673 1639
905 1231
616 481
1753 1635
57 1636
1374 1726
79 2677
293 778
2592 3296
32 687
498 239
1752 1949
699 153
2151 1433
1935 1782
22 899
2126 2127
2111 2112
793 793
659 570
121 866
1494 2125
673 711
354 2407
2340 2400
2758 3063
2955 2332
1928 1785
2372 2372
450 560
1488 1872
831 834
1004 481
40 621
58 302
1949 1628
806 2767
641 719
1972 1609
1553 1554
1374 2035
663 20
1516 1342
847 435
763 93
595 594
1343 404
1383 1115
387 649
3020 2533
2696 1867
1916 1572
1137 1964
2245 2310
691 935
3043 2909
739 464
799 707
3151 962
3019 2867
1473 1472
104 140
1727 1514
1386 1384
748 153
748 987
410 570
1416 1249
847 785
1406 1732
1338 1332
564 536
57 1253
390 470
276 581
2049 2075
855 2699
487 271
672 2420
287 675
1080 1195
699 668
639 640
1675 1216
2656 2194
2081 1876
2369 3070
2651 692
1556 1555
364 483
1460 1979
364 382
2669 2463
390 15
179 1650
364 482
2985 2454
1908 1689
916 77
1806 1186
40 480
916 63
1985 1350
390 694
1727 1191
1055 1961
986 642
2891 2253
1779 1523
301 2245
641 157
293 213
2018 1295
991 74
2245 2390
616 1000
1102 1958
926 483
1438 1342
2364 2418
2916 2576
1905 1027
1789 2363
179 267
274 203
1690 1891
2604 2766
734 751
799 640
152 573
2347 2860
905 3040
318 597
2101 2102
390 619
390 697
1512 305
809 807
428 673
0 784
1125 1891
1831 1554
1940 1918
450 710
1999 1281
12 508
608 896
1870 1945
2175 2122
2852 2853
847 996
1787 1789
311 2529
275 106
1083 1390
933 247
506 843
3228 3228
3220 3105
416 137
3306 3302
276 827
1068 235
3107 2699
1592 1593
748 54
275 956
2168 2168
3246 3245
853 753
616 694
79 3162
276 555
2121 1964
3085 2275
2327 3221
1055 1962
638 128
1970 1400
592 235
1822 1130
1834 1837
1832 1833
1500 1236
439 747
2582 2662
37 1267
3021 2166
542 791
1357 1976
1078 1190
51 438
1857 1193
5 97
1615 1042
400 405
1920 1855
2322 3203
230 148
31 646
1749 1235
2711 2532
45 751
2159 2175
291 152
582 200
699 746
509 174
2006 1214
681 248
3141 2673
2335 3247
1530 2008
3140 2371
291 153
1247 1330
390 504
2995 2765
998 67
1470 1980
659 980
3125 2485
316 622
698 904
2562 2563
3048 2290
274 83
372 501
1 153
2188 3300
615 592
788 875
1720 1747
1045 2002
522 105
1767 1099
2142 2143
3089 2712
364 550
1444 1439
2500 2500
77 813
483 702
0 545
2005 1332
937 877
2593 62
2317 2457
3099 3098
1064 1811
265 107
422 48
1971 1398
1446 1377
1578 1530
805 746
738 2665
2934 3270
338 581
276 902
3254 2297
1470 2002
1959 1958
1312 1019
2042 1283
20 6
173 384
566 152
3057 3033
1078 1600
30 1203
3202 3203
846 604
666 667
3179 3179
847 761
2519 2254
2190 3145
12 777
822 125
782 754
1460 1781
661 852
2281 2198
285 445
1634 1100
1503 1285
2594 2325
3131 3130
1420 2260
561 669
2781 2392
442 106
330 137
422 153
538 673
272 103
407 812
780 88
3294 2495
623 623
297 127
44 632
2955 2958
772 355
2514 2599
2202 3162
1046 1521
441 2765
1851 1633
2003 1487
697 224
447 921
1755 1835
3236 2480
873 576
1011 2029
1731 1657
681 219
767 467
521 701
584 240
862 1212
424 426
1500 1070
596 160
2657 1302
2955 2251
2816 2383
354 2770
1678 1281
1799 2044
1838 1836
928 651
1080 1583
698 571
525 590
2014 2015
637 552
589 134
373 2463
886 1010
2049 1703
842 842
836 837
3164 2340
3207 2257
1138 2168
471 262
1372 1904
1005 481
1905 1360
175 479
57 1682
1996 1179
178 236
1689 2176
2937 2659
1634 2139
3212 3216
1948 1825
329 63
932 240
2955 2948
612 964
2285 2616
450 451
230 621
363 363
1690 1814
305 228
1203 1964
31 2812
3031 2432
1918 2148
795 1794
2487 3185
1423 1845
2462 2908
1916 1705
40 148
882 779
2679 2679
616 575
598 336
297 541
1431 2193
2794 2795
2535 2534
1640 1810
1634 26
344 2570
1406 1923
1636 1682
3235 2214
1615 1037
385 202
447 535
413 2466
737 729
1634 2257
218 2638
631 492
1788 1239
439 483
2591 2697
2324 2324
3286 2437
1691 1815
1236 774
416 146
439 355
1081 1141
1406 1584
441 880
390 880
184 1249
1366 2043
1674 1482
1764 1811
1646 1131
108 1494
414 58
275 987
2105 1579
352 2583
4 588
917 150
792 859
401 402
659 1003
2989 2988
390 773
1716 1717
1206 1210
2955 1813
1497 1497
285 94
2684 2682
961 1488
905 3041
3240 2883
1492 1157
1421 1933
1717 1716
390 706
769 687
2183 845
390 167
45 733
677 1394
916 400
872 778
31 2774
1626 1772
1989 1241
22 118
3119 2756
916 661
3050 3049
3103 3274
1848 1205
682 210
631 495
643 808
433 915
390 812
539 86
1090 1608
1701 325
483 597
1436 1434
1795 1164
2630 2321
942 730
1150 1262
3030 3030
2896 2897
1863 1489
1633 645
1012 2181
3298 2743
795 2382
1519 1216
3253 3252
1524 1254
3016 3017
1678 1469
1273 1339
659 722
1385 1385
39 1010
1866 1141
795 91
2494 1469
989 990
1731 1736
1537 1394
1013 1427
847 409
3227 2346
486 485
217 724
1086 1480
1383 1649
2264 2223
1924 1911
2742 2880
3183 401
848 980
1634 1828
595 593
1382 1889
218 732
390 151
1047 1636
659 211
1101 2133
745 516
23 309
3133 2413
1500 1163
1004 516
2518 2846
495 139
1941 1030
3286 2721
1599 1600
439 438
1722 2068
1460 1218
1732 1657
986 980
1670 1671
3125 2534
2285 2285
57 1981
1731 1359
392 914
2088 1372
2983 2986
1678 2073
1165 1788
1150 1659
2809 3129
2205 2900
2339 974
1860 1132
610 135
1145 1139
1475 2036
691 499
956 1894
178 228
977 355
2996 2997
691 250
2985 2984
682 91
2011 2012
1864 1552
670 205
65 152
1549 1549
3161 2295
350 515
1781 1774
717 180
888 357
1032 2117
1056 1161
553 1921
814 808
31 779
1264 1284
659 1009
3209 2393
1731 1658
1469 686
822 473
685 845
28 987
698 303
2799 3128
284 1513
422 586
179 297
1461 2005
1753 1949
2866 3181
1896 1393
699 669
2613 2605
747 910
3202 2540
2436 2436
517 310
2185 2539
780 2149
1021 1176
390 455
862 1937
865 1933
656 166
416 499
1860 1668
1359 1583
1766 1282
2202 779
3288 3287
1379 1074
291 927
3051 3052
2711 2667
608 706
1762 1911
3232 3233
1220 1169
524 971
981 982
1101 1118
243 126
2875 2914
1731 1735
940 394
2863 2864
404 403
901 902
1193 2112
2137 2147
1839 1325
1446 1361
1368 1476
3186 2961
624 625
566 771
772 516
887 686
390 597
1657 1359
2455 861
1686 1559
2733 2746
326 1701
32 665
998 998
37 1724
1116 1893
987 176
29 793
338 107
1047 1776
887 1998
2236 2193
1532 1302
1633 774
505 562
1728 1085
1574 1280
2749 3264
3291 2318
689 573
123 668
1464 1184
2812 2539
2872 2384
1004 1597
2189 2634
69 516
1046 1891
2593 3166
583 158
2106 1751
1637 1638
1397 2093
1175 1385
266 88
691 690
2686 686
88 154
2982 2707
404 405
34 697
1918 2023
291 462
541 507
1938 1019
1577 1087
1037 1042
887 779
2953 2950
876 2400
2109 2110
604 59
291 106
1772 2009
695 1960
1878 2072
1944 1178
551 680
661 603
429 1721
3297 2685
3188 2247
2784 3031
847 542
1079 1227
2558 3022
2745 2665
2923 2692
1930 1487
1542 1980
685 322
2754 2755
679 680
643 64
364 302
295 475
739 738
799 701
1915 1790
390 103
11 387
1691 1992
1058 2024
1630 1747
437 438
782 162
2839 2840
1517 1162
830 176
2738 2408
880 774
615 1509
1492 56
3029 3029
1143 2103
276 107
2745 122
1376 1802
799 391
429 1409
338 888
681 2461
2068 1345
2836 2358
554 469
1168 2106
2521 2557
1691 1993
999 714
847 730
1038 1769
370 1337
439 58
1011 2028
737 736
2921 2922
2733 2349
506 171
2233 2698
678 379
3033 2540
1705 1617
1637 1181
1522 1323
1423 1285
1153 1342
2553 2402
2360 2839
3156 3159
276 655
67 176
613 955
108 383
1206 1606
1929 1698
286 545
753 811
291 445
982 622
291 926
814 816
814 121
1120 1210
471 285
2801 2800
1594 1592
1912 1150
1406 1737
1374 1062
574 572
969 1707
2981 2452
553 2728
1637 1977
838 201
2312 3149
539 460
34 1587
700 366
2186 3139
1457 1232
847 40
2118 2024
1045 1705
863 865
1423 1542
1230 1191
698 574
183 605
814 136
1406 1364
149 326
2537 2537
1704 1285
987 180
564 975
2007 1034
1857 1966
699 999
3100 3101
3008 3009
364 365
3262 1651
184 54
1278 2020
1706 1258
1886 1097
3150 3146
2716 2717
1439 1440
2184 2356
1391 1582
396 778
2375 2269
897 557
793 740
1015 2093
149 149
1876 687
780 1239
992 725
1509 1639
160 854
1878 1096
2098 1276
751 752
1978 1449
390 899
104 131
396 397
2246 3034
616 1714
932 654
531 188
993 3085
78 732
1015 1236
2025 1235
2695 2212
1743 1019
916 329
2619 2618
85 619
2593 2199
2340 725
657 935
183 185
1902 1302
390 462
993 1721
2644 2645
1638 1637
1158 1214
390 701
1649 1650
419 360
3124 2260
1222 1807
1644 1719
434 387
847 484
325 326
2841 2842
1107 1404
3167 2334
2753 2418
3031 2402
1107 1200
698 85
631 979
2559 3120
291 67
331 66
37 828
514 383
644 611
420 233
2378 2683
338 902
22 335
272 887
1509 326
847 526
1794 1487
986 750
69 356
956 633
753 195
2654 2166
349 575
1349 2031
265 888
291 356
2146 2162
373 251
714 153
3016 2238
278 828
2509 2638
0 724
1831 1336
390 507
522 619
1583 1189
748 1000
1014 1059
1446 1447
714 956
2049 2048
643 814
554 422
2002 1452
749 634
1906 3123
441 1236
1386 1566
2929 2867
1737 1314
2586 2584
25 357
1568 592
55 3279
780 1650
809 808
699 106
510 566
1406 1736
2256 2256
60 443
505 732
1906 2826
1701 150
430 732
1866 2167
3043 185
290 260
390 799
2721 2629
704 239
2149 1921
429 1710
1223 2099
766 668
1913 2143
3178 2428
456 147
547 259
401 400
1662 1326
2547 2893
1970 1398
31 1357
2898 2362
2081 665
1349 2124
876 732
1743 2394
390 58
544 286
439 871
1586 1587
1678 1999
3051 2510
631 620
1847 1790
699 34
2831 2307
2868 2466
1102 1673
2580 2770
699 22
3146 3295
2110 2005
1068 1515
1519 1303
179 646
773 451
3172 3304
616 571
2607 2608
514 323
3152 3152
354 2259
1861 1266
457 458
631 1009
2902 2541
5 603
364 481
1040 1076
1523 1167
1554 1553
1226 592
1467 1467
3051 3054
756 389
1079 1651
1371 2140
296 25
488 367
2540 2469
1926 1344
2019 1400
2804 2524
1599 2074
364 804
986 943
608 413
58 697
115 569
31 1282
29 818
588 952
661 328
2064 2065
29 740
787 722
1005 920
298 1010
0 514
51 481
462 828
678 1984
24 406
1500 2024
678 1747
3285 2365
3107 2840
748 998
3067 3066
2206 2675
876 725
2587 2587
364 234
445 94
311 2530
390 233
2719 2718
3110 2555
2006 1258
218 1489
439 516
102 267
946 706
2678 2382
837 835
2242 2665
1972 1968
1633 1801
370 135
390 658
1541 1540
2643 2645
372 502
2925 2925
1373 1373
1731 1080
2625 2626
1690 1528
2014 1759
86 460
404 401
522 54
847 529
772 746
3289 3248
1667 3028
338 827
502 501
1883 1885
439 525
1646 1320
2278 686
863 857
862 534
445 194
454 817
1850 1937
271 690
768 665
804 746
1011 1034
1379 1462
2082 2082
769 1231
1806 1805
1998 1281
1411 1679
1006 779
437 516
1755 1837
1368 1414
865 1216
1183 1836
373 94
862 1850
2528 2342
1017 1264
1242 1236
1366 1727
922 896
2259 2427
1818 1210
390 156
2811 2226
2824 2977
1733 1744
2655 2690
700 697
2375 3214
389 584
624 621
1859 3274
1556 1647
285 896
2894 3048
1967 1013
28 153
814 786
373 3014
522 106
2050 853
659 986
483 253
591 978
999 987
1580 2873
2196 3279
1782 1576
2658 2447
1787 1654
3189 2366
1634 2244
1307 2036
1759 1947
2624 2456
2039 2038
2211 2326
758 758
2720 3015
2002 1955
3293 2624
892 703
2352 2479
1731 1680
881 0
1468 1467
1101 2170
441 2168
329 948
24 392
674 72
2568 2757
834 964
266 2081
477 346
1401 1109
390 906
99 952
616 3236
1678 686
842 896
903 685
986 959
1787 1780
309 161
422 633
2877 2561
566 770
1589 1590
3046 3201
275 619
2696 2578
438 251
410 116
1475 1679
1178 1871
615 217
2179 2200
1084 2158
1590 1128
688 841
183 2207
1041 2036
439 804
2263 2959
2235 2992
1107 1425
860 861
844 0
1292 1953
2261 2356
1710 305
577 965
383 514
1731 1364
1908 2176
1435 1436
263 840
2126 2062
542 145
616 549
654 860
2214 976
3035 3034
855 432
460 263
390 414
905 768
1661 1098
763 427
0 474
2883 2421
701 668
809 136
2709 2681
2941 2389
2202 2460
390 576
3125 2390
855 2282
1067 1236
2434 2767
1736 1583
2835 2370
3035 2246
201 383
2809 2734
2248 2746
297 797
1520 1233
1206 1256
352 354
3119 2336
1804 1699
2926 3249
0 954
2183 2677
1751 2106
847 527
847 980
1131 1885
662 877
2663 2664
78 534
1634 1893
769 538
32 592
439 94
218 725
876 992
1690 1122
2050 1332
2324 3074
1079 1823
980 160
1031 1487
275 1249
2050 2033
0 99
184 539
1448 1602
2828 3219
291 216
471 272
2049 1252
940 938
272 827
643 313
390 481
1416 1144
522 697
56 3291
1877 1575
847 729
2877 2319
1158 1461
1042 1037
1209 1748
2689 2687
3051 2270
2395 3181
933 970
3146 3150
1756 1784
1878 1465
2607 2606
2014 1033
2222 2567
616 998
1080 1189
2894 2266
846 287
1461 1648
1450 2119
2878 3046
2105 311
1851 1801
56 1824
471 780
1444 1440
1153 1329
1437 1388
37 444
1896 1176
1820 1669
2606 2607
514 868
2778 2724
2955 2952
488 834
364 910
1254 1721
1646 1262
2151 1432
661 674
704 563
297 122
919 1010
696 614
31 3028
760 193
2053 1273
364 918
2711 2465
266 297
86 769
2217 3037
848 109
2148 2150
748 999
477 369
1772 2092
421 1262
753 559
1657 1735
2878 2319
674 76
1058 1236
2962 2962
218 2104
1539 1207
2832 2295
556 462
1967 1967
395 397
1637 1318
2979 2599
97 63
729 730
1387 1073
2512 2182
747 504
791 188
616 572
21 680
279 2969
1148 1551
3308 3309
3193 2294
1528 2765
422 469
3167 2444
1564 1565
2912 2453
2306 2306
22 668
855 1675
384 514
2174 1385
979 980
2598 2548
1083 1439
631 995
88 1999
483 259
643 121
505 172
699 98
924 222
698 456
650 957
2884 2884
646 549
389 636
2177 2903
34 180
659 208
388 579
459 697
2520 3024
2865 946
925 431
2135 1053
1980 2033
390 744
3190 3116
3257 2414
2050 2032
1386 1757
294 588
1919 1873
739 235
2000 1845
2713 2653
769 796
734 733
372 655
364 244
495 75
772 804
71 190
1120 1256
1918 2159
2080 1333
699 156
2169 2166
2540 3033
1125 1286
2829 2933
1121 2113
1454 1273
422 714
757 758
1461 1243
374 444
927 456
323 133
691 519
625 229
31 732
1710 1513
2202 828
2977 2824
589 140
2837 2882
553 2791
3080 3079
745 356
390 51
79 1019
144 453
416 879
847 394
1079 1245
759 193
1014 1378
2348 2548
847 816
2682 2682
2049 2175
581 580
589 129
900 810
1918 1739
293 169
390 85
1483 1310
748 714
731 907
3039 3073
505 69
1717 1717
1307 2037
2205 2899
2232 3033
1500 1499
999 106
2250 2904
847 187
390 147
822 810
1560 1668
3107 2441
575 549
615 350
2325 2594
1850 1212
523 182
584 386
2252 3310
2654 1529
1509 325
1363 1946
3280 2330
290 163
887 687
326 350
25 69
643 994
799 332
902 555
2166 1170
704 752
1873 1663
3080 2665
2932 2862
117 117
1357 2774
1406 1941
146 907
2365 3285
2076 1245
1421 1765
868 632
1226 235
326 591
2881 3135
1942 1050
390 700
1479 1086
1474 2065
124 881
1815 1992
450 449
2600 3109
1353 1965
1050 1168
1725 1545
2494 1198
1001 7
2298 3023
504 159
1101 1441
86 1006
587 808
2486 2583
2805 3112
663 657
2658 1532
2969 2292
2985 2986
390 456
24 127
1005 1197
1343 1881
2732 2526
2139 1828
364 745
979 242
1970 1399
799 639
2195 2209
522 469
2627 3018
37 182
372 888
184 694
661 97
2201 2201
1966 2112
86 461
2219 2391
643 38
1176 1897
631 411
439 244
31 1740
1976 1999
201 1494
847 186
27 393
2559 246
699 155
1533 1687
847 826
184 3252
2448 2563
1622 1275
635 870
461 69
3195 2349
2422 2371
647 898
838 173
439 697
2006 1422
483 708
488 42
1483 2116
1068 1209
2302 2284
183 3117
2049 2049
487 950
3028 779
1463 1590
637 327
329 114
1066 1963
714 106
659 241
794 240
2081 2161
278 1724
996 994
1709 2072
1852 1295
847 583
281 861
375 630
2501 2861
1004 2316
418 146
1638 2013
2067 2067
406 789
2658 1531
3149 3146
660 875
648 2181
1116 2139
1031 1488
1842 1738
1141 1248
3043 2980
647 197
816 866
1151 1301
1470 1453
707 708
591 217
2694 2505
553 2161
2983 2984
661 908
1160 1369
3265 3000
2046 1133
295 732
1857 1859
2306 2356
1918 1917
1997 1996
6 682
1701 149
1019 609
2206 3099
1090 1174
2048 1777
905 2686
390 200
564 132
1980 2032
3090 3196
2008 1341
3244 2667
483 154
1015 1439
1730 1142
999 998
1150 1294
1770 1298
745 910
1994 1214
1858 3013
919 764
3207 3207
3147 3150
609 462
932 869
471 566
441 1531
2762 2204
2571 2570
447 800
3229 3230
691 1009
867 1747
1059 1365
1348 1353
469 633
682 239
348 630
1070 1236
2257 3021
1037 1309
1727 1811
263 566
878 269
1702 1703
932 202
439 597
1297 1013
847 712
1312 1493
2957 1813
3022 2224
2259 2744
1528 1478
756 334
3198 3199
3270 2308
441 2447
1690 1478
1511 2134
1562 1321
218 3303
769 2686
1892 1274
1055 1963
488 489
729 1009
51 355
767 494
2080 1704
1456 1232
172 1168
2930 2471
1967 1725
905 2669
3208 2791
3067 3065
419 281
2426 2756
1573 1287
2245 2483
1657 1584
851 2336
822 418
3007 2272
627 823
1013 1417
1168 873
554 1642
445 444
940 939
390 804
612 955
1382 1344
460 3159
999 28
488 964
104 134
916 274
495 208
337 287
2517 2367
2550 3004
1151 1960
1902 1286
1586 1336
2975 3118
1293 1930
2591 2698
2603 2809
572 573
439 167
274 63
1803 1222
1799 1807
2886 2888
2946 2789
2996 2331
561 655
1035 1491
390 231
496 142
850 313
2136 1747
2362 614
281 418
296 69
2231 2231
1416 2157
3134 3133
2790 2461
1509 324
1024 1527
1975 1973
2688 2689
297 1232
308 1986
471 338
1236 2024
354 353
35 92
1972 1091
699 619
326 917
556 2266
1848 1849
1680 1378
2229 2597
365 2446
659 495
2368 2368
573 829
1517 1331
2105 1723
273 432
353 421
2052 2072
1737 1736
1 732
661 877
178 232
502 1007
441 645
1634 1634
1975 1156
2050 1542
2004 1571
2278 3040
1819 2048
1809 1974
1683 1324
1253 1253
517 525
2651 2994
986 875
1150 1236
646 2149
2805 2807
1667 2328
822 472
643 136
2 962
276 888
736 320
1473 1570
293 397
1496 1020
780 1788
661 36
279 2292
1219 1236
616 748
2022 1784
1380 1059
814 35
1812 1173
1168 1544
1223 1713
643 866
3143 2964
2680 2680
2759 2610
150 326
814 884
1699 1334
374 445
390 746
3175 3074
469 586
963 2129
2034 1776
203 239
1870 1178
763 374
3027 3026
88 779
2736 2476
1744 1014
714 1000
290 252
847 814
2019 1398
31 882
568 158
390 391
1760 1854
3150 3149
3292 3292
1985 1584
2235 2235
2246 2246
3095 3097
1001 762
1850 1999
1895 779
1903 1624
612 583
1745 1269
230 480
927 147
2049 2032
3046 638
461 25
780 1203
1584 1314
1879 2012
2684 2683
439 918
1223 1712
3197 3197
348 170
1857 577
506 394
264 815
25 683
661 203
390 106
3165 2437
9 820
804 911
1920 1111
1792 1794
1106 1339
3010 3011
2784 2432
1206 1818
699 54
1128 1588
230 625
287 170
905 732
917 325
2066 1788
571 234
31 297
698 805
780 1921
1543 2460
1077 1527
1343 1412
263 311
2552 2478
332 2342
390 1000
1812 1813
2688 2687
3041 2415
360 361
822 879
3 634
441 774
699 1000
439 680
439 481
60 586
2212 2423
1516 2470
615 3217
1033 1759
685 592
2569 2729
3151 3146
2545 3274
108 2125
699 748
2785 2553
381 119
1729 1717
1004 1336
472 145
2623 2792
1414 1415
390 303
0 783
478 868
3124 2646
390 94
1063 1229
218 1247
390 355
1787 1254
2636 2635
2984 2454
2049 1151
2004 1461
61 944
616 51
1063 1707
2040 2029
596 496
262 541
1667 3153
1443 1535
2339 2596
1985 1071
1478 1440
556 257
1893 1894
999 956
417 453
887 1281
2611 2612
378 2339
2063 1048
1918 1853
853 3296
471 1383
230 146
130 1498
739 592
1577 1494
759 720
847 138
3228 2037
1473 1304
792 29
1776 1174
2515 3133
554 1000
495 743
1770 2123
184 586
2618 2617
772 911
53 161
1657 1737
3169 3015
745 804
1136 1494
276 463
9 559
994 752
372 69
793 818
1500 1089
691 651
397 213
416 198
471 697
2494 686
273 433
3170 2869
429 305
709 708
3124 2337
1754 1641
857 345
282 631
1946 1759
566 802
1478 1439
847 519
3153 2460
963 212
1047 1442
510 504
944 258
373 445
631 403
266 905
1202 1841
2786 2386
390 680
2652 2271
847 191
663 6
862 862
705 1420
2034 1981
1437 1982
938 506
747 804
1730 1192
392 592
79 37
179 779
202 255
364 259
2887 2886
773 356
938 939
447 256
847 775
96 913
3042 2539
2798 3243
891 924
302 804
266 685
3240 2435
2278 1469
88 2073
522 1374
2161 1921
272 262
1841 1183
173 108
547 573
1768 1767
1631 1129
2741 2411
30 1282
663 831
747 911
625 623
2084 2104
290 784
378 2596
926 918
2288 2311
943 944
1989 1514
1793 1777
1046 1302
1405 1445
1456 1588
1175 2173
2768 2315
1060 1123
432 433
1406 1822
1737 1359
1043 1138
2930 2980
1481 1144
3087 3109
2586 2585
1390 1148
502 107
410 975
1 1937
1661 1362
2591 821
2948 1173
817 171
2616 2618
1509 150
447 967
574 697
623 621
2594 2595
390 727
1470 1955
1457 1550
86 262
2228 3299
488 488
677 1747
2080 1926
3144 2283
783 290
378 1633
285 159
2553 2405
2530 2529
3290 2444
410 316
2788 2787
113 382
64 91
1416 1231
2844 2227
788 935
1121 1674
2156 1072
1903 2033
2794 2289
64 569
1088 1236
1645 1488
184 1000
3147 3149
1599 1613
646 2064
401 405
1538 1248
753 579
2704 2602
2646 2282
1515 1748
620 621
643 641
999 105
960 2415
2296 2763
2265 2204
2261 2306
1416 1234
1273 1668
0 433
439 259
1125 1250
3172 2403
1352 1207
714 987
1612 1263
1990 762
1595 1596
354 2585
2080 1954
657 656
3290 3168
763 805
2507 3074
263 685
959 959
1409 1745
2501 3180
1406 1359
482 481
1046 1532
2935 2180
413 2868
2171 2172
2686 1714
2805 3113
265 567
1606 1105
2573 2965
264 723
1884 1885
893 703
1870 1337
1220 1387
1977 1974
698 575
629 629
230 177
429 1408
70 750
2928 2822
1174 1425
1865 1271
998 105
1479 1661
520 170
2203 2911
2969 1897
1446 1448
1695 1690
302 746
1056 1056
505 30
1787 1288
416 351
704 751
848 983
1406 1080
51 597
905 802
2376 2965
1202 1183
3121 3122
390 673
2455 2851
3061 3060
2708 2825
606 199
1543 828
2375 3216
110 584
1716 1082
1388 1983
471 31
1226 1322
1775 1776
865 1240
2753 2387
1706 1243
354 2580
1931 2420
2220 2220
1043 1828
2973 2973
908 852
440 10
2996 2544
1918 2114
547 590
1509 327
598 151
745 746
0 915
747 481
1791 1476
3275 2410
2668 2669
2963 2834
2923 2924
2274 3127
2183 3156
2931 2492
1106 1132
664 502
631 750
2006 2112
577 3209
296 655
3028 828
323 514
2332 1173
390 523
2843 626
1891 1439
2937 2938
1066 1171
2747 2748
1979 1514
1501 1502
716 2381
1689 1830
390 802
396 293
2700 3231
2843 2276
2572 3192
2711 2813
876 2638
643 314
901 555
390 910
598 599
2107 2108
846 850
2494 3040
3020 2531
1772 1217
2052 1490
1927 1785
1935 1576
1710 1172
1634 2165
362 971
805 804
3185 2864
29 859
1988 1987
179 1991
2282 1518
714 28
748 48
659 330
862 1969
2892 2300
1197 1587
2955 2954
390 54
716 135
1655 1422
230 411
817 1002
966 186
855 704
800 93
1681 1409
589 131
6 64
619 220
79 828
1804 1334
1017 591
608 578
1351 1893
3210 2970
390 708
1220 1199
3030 2304
1850 1281
1474 1921
1543 2293
390 176
245 1009
643 893
847 18
291 746
416 418
2894 556
1061 1943
1646 1321
390 445
2055 2056
616 714
2603 2271
1657 1583
3029 2277
488 833
788 546
172 56
544 545
288 917
2213 2244
681 231
1708 818
1456 1235
2438 2465
608 597
2010 2012
302 438
1618 1452
410 174
2207 2632
799 708
1657 1189
51 516
291 482
291 167
390 253
1168 2096
693 401
1509 149
2404 2960
390 573
2213 3258
2821 2268
905 3191
2314 3282
1388 1982
2361 130
1310 1610
917 149
2316 2406
810 246
846 170
2371 377
1857 1126
1695 1100
1093 2026
416 142
972 971
1460 1464
968 727
661 726
574 549
616 999
1047 1127
1005 51
1075 1169
422 105
263 26
354 351
748 106
678 867
1589 1128
279 3005
89 548
3226 3227
1910 1911
24 685
2105 3044
986 84
179 573
661 948
1549 978
280 350
1989 2149
1545 80
2003 2002
1066 1961
2049 2033
268 668
1838 1834
1542 1215
846 848
745 438
2658 2657
2006 1571
364 706
816 121
2895 653
660 40
488 955
164 952
2049 2050
2049 1845
847 49
67 54
3240 2443
305 232
2491 2223
1696 1697
1000 1000
1760 1953
831 886
954 379
2541 2944
2705 2864
1991 1921
781 858
1383 1272
876 3303
748 67
2212 3132
1186 1648
1977 2026
2878 3278
660 986
2657 2447
739 588
2033 2032
799 390
2579 2407
1560 1818
2022 1927
891 2728
685 665
2684 2378
1029 1109
1705 1704
1901 1300
822 281
2522 3223
390 154
447 744
167 639
1390 1688
2590 2178
2593 3187
2169 1170
3202 2468
986 995
2706 2445
1735 1737
3071 2269
699 701
1373 1083
505 78
3259 2477
3052 2234
629 350
1568 1226
1709 1490
1509 1262
3084 3081
1038 1636
3045 3038
32 845
2726 2557
3068 3069
1368 1415
2490 2578
847 43
619 920
748 105
184 999
2328 3153
1776 1404
3043 2641
2784 2553
3277 2771
1667 828
2550 3005
601 834
847 81
2499 2191
1504 1932
1076 1078
1255 1255
847 506
2467 2470
1090 1107
51 356
364 462
2052 1590
1424 1628
1045 1954
1411 1225
3075 2449
2574 3217
847 983
1159 1287
616 668
30 2149
1380 1378
410 411
245 722
1524 1168
2534 2473
1725 2024
381 684
372 194
780 1895
462 167
390 98
676 2985
2589 2589
1615 1614
2942 2915
150 149
747 516
3114 2239
266 65
423 952
1510 1700
289 732
477 951
1859 404
1037 1679
753 695
9 158
40 411
1776 1107
1533 710
3091 3091
916 595
1545 1427
1094 1317
441 1801
1997 1179
2052 1463
953 415
3169 3014
531 810
2135 1680
1860 1236
2847 2848
3002 2527
828 1326
506 939
1178 1178
291 590
1022 1907
390 212
2733 3195
698 701
631 70
275 469
1243 1505
2711 2438
3036 2501
439 668
86 26
1019 2064
661 191
1870 1944
631 980
1888 1887
279 358
3215 2287
3244 2438
1227 2792
1634 1138
629 630
628 1243
375 515
1744 1059
387 434
780 732
320 1009
1851 2995
2976 2399
629 515
2817 2472
2991 2991
263 796
3167 3168
1898 1899
1759 1946
1786 1784
643 807
933 202
1866 1246
1408 1715
2682 2683
673 802
916 617
2813 2438
2987 530
547 159
2256 2871
905 697
737 320
615 288
2731 2337
905 1969
97 36
486 138
1120 1818
2022 2022
3273 446
354 2586
916 36
769 1234
1707 1229
1919 1721
487 42
1928 1790
1479 1480
1203 2151
28 633
40 177
390 22
2725 2725
472 142
665 727
3085 2210
1150 1508
303 841
12 1741
1557 1558
1413 1216
1864 1095
1183 1837
488 487
364 355
303 180
727 728
1374 1061
218 65
25 888
1414 1368
283 311
973 196
3044 2216
1979 1978
1594 1593
1008 455
0 80
1626 2009
3228 2456
2686 2385
1005 680
668 251
429 284
814 723
104 129
1646 1885
1477 1909
2837 2838
338 580
782 2639
1528 1723
460 154
505 56
1081 1950
3037 1829
295 232
295 236
2595 2325
1710 1512
1896 1607
1609 1842
1000 956
1066 1962
57 1536
822 360
1550 1235
1147 1874
272 516
390 244
179 438
1387 1169
1708 2753
2551 2551
1421 1216
2560 2581
637 324
1113 1395
748 28
2739 2707
2034 1289
2083 1369
2388 2388
403 405
503 634
866 121
2558 2780
905 673
847 788
1482 1482
2080 1705
948 328
851 2756
2955 2503
1352 1539
691 134
847 59
493 907
1150 1506
1242 2118
390 336
2822 2822
1820 1617
2780 2870
2802 3092
1680 1194
2983 2454
699 842
3064 2637
313 315
1521 3255
325 149
495 667
1416 1284
1038 1536
897 3093
1049 1049
654 214
1015 1440
3108 2516
691 511
855 733
1675 1240
1374 1177
1794 1793
874 2429
2160 1968
2785 2402
851 543
1892 1296
979 493
522 1464
3012 2418
986 226
2947 2876
1004 7
1937 1212
2955 2760
1492 1492
179 1282
699 105
1185 1945
355 356
1660 1661
2777 3088
979 750
323 513
1395 1313
1769 1174
57 1769
1458 1850
1636 1289
1406 1658
1906 2048
1013 1545
2936 2869
390 254
1601 1569
1046 1902
1160 1160
2974 3077
926 259
2049 1846
848 816
349 574
1664 779
184 422
972 55
547 253
646 1895
866 569
2055 2054
1291 1344
1460 1374
386 202
1810 1315
276 69
2855 199
488 569
2322 2605
2155 1611
390 557
1620 2138
1980 1285
3020 936
2119 1536
847 966
354 2579
1657 1736
2820 2889
1628 206
2060 1201
2130 963
387 202
537 655
1808 1808
79 1724
1383 1956
389 973
373 444
1619 1188
1632 1801
28 54
390 698
1420 2699
3168 2444
1108 1676
390 669
390 525
280 324
998 54
847 520
390 382
1771 1770
291 683
461 888
2584 2586
714 999
2538 2309
2085 2087
1850 1951
986 495
961 0
745 251
2091 2064
3028 2460
2797 2249
338 69
2420 2437
768 728
1000 998
365 439
42 644
1840 1101
204 204
189 483
619 1004
971 55
1723 441
2303 2189
2175 2077
1714 1273
1725 1297
1684 1878
3284 3283
247 1003
350 985
2614 2616
51 483
1988 1875
2670 2668
1052 1787
1790 1927
911 364
573 459
234 390
421 1646
1969 1129
251 364
984 848
1951 553
1417 1500
1375 1638
3015 3014
2442 2259
1423 2050
1290 1349
727 768
1514 1241
149 637
1627 1729
1954 1470
1312 2593
67 1000
516 483
1958 1673
711 960
694 291
1761 184
1083 1912
911 745
3150 3149
1899 422
2483 3125
85 699
1253 1051
1519 1518
2081 905
686 1876
2567 2566
1478 441
2278 905
1314 1731
616 522
2334 3290
2855 2207
1704 1470
1179 1407
106 48
5 97
267 780
1255 1528
2095 1918
2324 3175
1282 780
436 847
481 318
2401 876
1288 1780
146 40
2310 3125
950 611
355 483
2230 3269
3130 291
2441 2699
233 292
1563 1564
396 293
1951 887
3161 2832
3200 2335
626 86
315 312
634 819
180 390
673 553
735 661
775 857
1648 2050
3094 2784
970 9
1315 1625
494 170
629 985
512 323
569 682
36 5
1901 1922
1876 768
2477 3032
278 79
773 608
1555 1555
690 0
348 848
2144 2142
807 814
260 9
317 291
1593 1692
251 699
2772 3239
1409 1710
1249 522
917 978
1931 1079
14 544
651 986
623 620
377 1001
2082 31
1093 2027
1866 1867
1735 1736
2160 1972
474 862
348 643
1002 418
2031 1012
1819 1994
770 3041
1238 2031
2043 1277
1127 57
1826 1523
1921 1664
194 265
2323 2832
697 184
19 495
608 390
2913 2727
645 880
1944 1045
1059 1733
952 518
2812 471
1088 1500
1253 1890
3082 3084
2543 2996
278 1175
55 0
2460 828
1000 999
700 698
35 643
2417 2971
714 699
533 533
3111 3043
1203 2148
3055 3056
386 385
17 663
1998 88
3303 2976
127 471
1404 1038
384 383
2640 782
421 1150
1139 1716
723 764
2649 2509
152 266
2701 3278
793 792
2057 1701
3158 2233
1380 1406
3146 3147
28 422
1329 1438
1273 769
2110 2006
549 698
2181 2865
1208 1204
523 364
65 876
3274 1858
516 699
2459 3154
673 364
3263 3260
237 979
153 275
2174 1175
504 297
3191 266
271 612
340 509
3203 2232
732 284
67 999
2150 646
399 951
1964 1223
2253 2299
1874 1743
997 96
1604 1120
979 495
141 144
2373 2693
404 693
1698 3123
1540 1222
3137 3136
797 471
2450 3276
1868 1856
2476 2258
2017 2016
2355 2945
970 158
2465 2813
945 204
1177 349
622 410
1254 1050
2807 2806
1628 1753
772 390
1237 1653
2291 2830
1010 644
2025 2052
376 673
639 608
841 572
1162 1381
145 497
1485 1036
802 1004
1359 1735
112 917
1075 179
39 488
1244 2128
2624 2344
105 28
325 637
157 290
2767 3272
1711 1223
3107 855
303 22
320 730
2793 2350
146 144
935 995
2639 2640
61 986
1715 1406
2889 2752
1129 862
1089 1347
2658 2657
1828 1695
895 371
810 448
1100 1029
453 418
70 659
1684 1683
574 616
1332 2112
3167 3290
144 281
828 609
1727 1797
82 658
483 390
1934 172
534 533
2361 460
2064 30
2275 2210
2815 2814
1119 1119
773 773
1883 1646
1241 2795
829 556
732 471
251 669
3093 2599
3124 855
2198 2198
1149 1589
1427 1725
1002 141
7 390
602 295
95 571
947 378
1336 1863
1964 2049
133 1098
1221 1900
561 268
1256 1818
1998 1850
751 996
1747 1135
1811 1918
697 364
711 390
353 352
469 22
2773 41
179 471
883 776
0 359
157 57
1007 655
194 3122
327 917
481 483
1948 1949
949 97
1080 1657
826 912
209 641
1747 1984
97 329
1663 1920
508 655
2429 3155
2451 2910
1837 1838
2475 2715
2460 79
3033 3202
2157 769
923 643
999 522
415 0
3173 2955
36 274
3144 2696
1169 471
710 1148
840 643
135 319
868 341
1868 1652
1190 1613
2066 1165
2306 2184
425 263
2972 3220
310 37
2675 3099
1637 2083
1007 501
1356 2083
402 400
318 390
1490 1096
1731 1732
617 126
779 1279
2779 2224
1216 1848
2826 3123
59 18
368 488
122 263
3205 3234
917 985
634 295
2014 1033
789 738
1666 1034
3076 2940
2949 1152
1075 1220
103 364
2059 1114
2990 2990
2488 2192
2433 3218
1980 1143
244 483
686 769
1724 218
1854 1292
109 323
2166 3305
1327 1977
341 1560
514 173
421 1687
3097 3096
1643 1972
2079 1381
920 1004
651 293
1958 354
2556 2361
356 747
453 416
2047 2046
475 558
686 685
1761 748
1761 1526
896 772
2273 2273
1065 2027
309 53
3162 609
2240 3190
51 482
366 85
935 986
52 612
1317 1108
2506 2302
1864 1101
993 3085
1144 2105
2104 876
2672 2584
1185 1530
154 291
355 69
1247 876
1078 1371
2419 3043
150 637
5 916
1489 876
506 434
3191 2669
743 84
2666 2187
2682 2378
2090 2030
194 422
1257 1880
355 976
1569 1473
866 814
51 439
1286 2657
1422 1134
2104 1114
2799 339
145 16
2424 2887
2464 37
1818 1256
3029 2277
2865 648
2015 1033
2498 2695
2120 1268
2275 1707
2280 2536
760 847
2112 2050
3059 2338
3233 2996
1609 1101
1952 1952
191 409
517 364
1629 1153
141 418
617 328
1257 1852
106 28
3086 3086
1664 780
221 390
1581 1524
938 941
1893 1894
691 0
2638 2919
1747 1986
1212 1039
2533 2531
306 615
2195 2195
1616 1616
2999 2796
257 573
1259 1820
63 5
987 699
446 0
2482 285
767 822
723 396
949 63
324 1701
400 693
1651 1823
1571 1158
746 364
3255 2556
1173 2955
3115 2745
3160 2832
702 390
219 390
167 799
1000 522
1010 488
1090 1392
1685 1599
46 847
1629 1585
466 465
90 862
692 287
625 40
687 2686
210 279
405 693
2116 1310
605 381
2769 3142
3071 3072
2642 2601
599 22
2400 725
3062 3061
2849 2847
1579 1100
619 698
987 522
324 326
593 847
3005 3006
238 608
1117 1154
2638 2320
3311 2993
1124 1460
3162 3028
869 343
1187 1114
2112 2110
313 661
810 119
262 780
800 763
2661 2661
2653 3256
50 763
723 847
2431 2523
508 502
1006 780
1622 1622
1314 1735
2121 1051
1140 1460
1281 88
871 517
1200 1174
1991 1664
153 522
159 291
2139 1043
778 447
1430 1862
2859 2622
2978 2978
3066 3065
946 2031
1194 2135
2119 1426
1268 1381
1548 1966
101 542
1302 1125
1763 1546
979 659
327 1701
1741 1740
1276 1918
3266 3267
1232 471
3178 3177
1645 1031
1514 1230
2135 1406
2045 1466
2012 1479
2363 2927
528 528
2168 1632
501 265
2782 2782
836 661
1661 1525
1583 1731
3251 3250
936 389
3163 2575
2168 1851
1231 2157
1778 1778
185 2855
754 801
555 338
1824 1512
650 387
2905 2305
502 1004
3015 471
2728 905
2154 1833
979 743
711 437
805 747
2324 2243
2654 3305
697 698
3184 3183
1112 1952
0 0
2561 2878
896 390
1188 1918
1378 1744
1954 2002
802 754
2425 2440
249 388
565 852
1548 1193
202 847
2775 2776
1075 1073
355 747
377 673
271 644
2531 2711
839 673
1750 1261
579 788
28 275
1980 2050
2149 1979
2579 2580
1378 1059
304 304
2660 2650
774 2118
44 678
2112 1980
2152 1812
2950 2956
2249 2249
307 847
1308 1918
670 0
1000 275
3082 3081
0 65
697 571
868 677
956 748
879 530
746 747
1019 1354
2561 2319
2854 2493
3146 3148
671 600
213 447
2101 1882
1025 1414
1335 1517
969 968
2610 2823
1409 1512
569 600
515 985
40 849
1242 1860
2458 2829
2082 2083
1729 1728
3009 1851
655 25
2722 2723
686 905
3222 3281
661 643
2819 2818
1007 296
242 822
868 308
2615 2615
1075 471
516 390
215 672
1742 1079
2359 2564
241 631
394 938
1585 1472
271 488
2574 2651
754 1254
251 1956
1707 2210
2468 3204
906 699
474 1968
844 958
1083 1083
1003 416
697 572
1811 1900
1714 291
687 685
1357 471
1305 2081
261 523
915 432
606 381
626 2276
2079 2021
3006 279
952 552
777 364
987 422
2439 2671
616 521
2044 1222
2961 716
2011 2010
1737 1731
2401 2320
1166 1908
28 522
701 364
426 425
185 3267
1804 343
2068 2069
310 574
334 389
310 699
813 735
1093 1065
54 422
771 770
2286 2832
2285 2615
1512 429
1567 1935
2380 2628
450 390
802 62
3109 2998
2481 2631
500 892
146 822
2313 3157
1440 1083
1678 21
2351 3274
1409 1957
732 646
2072 1827
0 670
1771 1770
594 847
1773 1614
728 665
94 374
712 750
501 291
732 429
2149 1374
1401 1401
1605 1379
732 533
1403 1148
48 28
182 390
1921 1419
470 291
901 338
3307 3001
1326 1667
914 2651
1766 1740
418 41
2036 1119
1495 1733
771 342
1181 1638
755 439
1311 1990
2272 2777
2476 2590
1736 1735
723 816
2223 3171
1172 429
1980 1045
669 439
2054 2145
3182 3095
1213 1155
2094 1918
1014 1680
684 969
452 183
1679 1042
2504 2197
1367 1406
302 439
356 285
1650 30
1682 1038
1598 1597
1199 471
1236 1687
2484 2906
51 318
176 998
242 847
661 329
1417 1725
1266 1540
168 608
1133 2169
30 471
481 698
1150 1507
3015 297
3211 3213
1811 1230
1673 1959
1723 1100
2648 2648
2070 1406
1240 1413
3158 339
1979 1374
185 605
820 398
2008 1435
1314 1406
1724 1677
1740 1740
575 699
321 825
3126 3126
2856 1354
790 488
1613 1047
797 262
2401 218
802 471
122 1004
2108 1798
276 471
2044 2274
106 998
2949 2949
1731 1731
36 329
814 848
1846 2048
947 24
2202 31
1912 1083
1196 1180
63 661
1194 1731
1650 646
82 390
1375 1637
550 390
874 753
1122 2742
805 745
1104 1459
2051 1896
2542 2541
1028 1048
255 654
1836 1835
2234 3051
1810 1694
1971 1970
467 389
1784 1928
939 930
3194 2218
196 389
2951 2263
721 506
1829 1602
2744 2724
122 471
105 275
592 1068
2751 2856
2224 2558
516 977
723 99
2343 3176
3131 2863
1360 1175
813 916
984 847
397 652
1236 1891
732 862
868 867
241 410
1370 1406
2132 1101
547 123
2005 2006
166 731
750 659
2123 1771
202 584
1078 1599
1921 2064
1937 1129
859 793
1476 1414
247 806
277 951
835 661
499 207
189 391
868 44
444 278
2173 2174
54 956
3213 3212
1665 1034
569 612
2437 672
680 100
2137 1621
956 522
858 663
610 715
2151 1918
2118 1150
3279 2901
1746 1496
597 332
2412 2262
673 262
517 439
69 265
444 390
2744 3078
468 299
585 0
28 390
492 493
1549 1624
210 64
1454 1273
2043 1254
0 961
2161 905
2024 1445
1359 1736
1984 677
193 758
2259 2299
610 1706
1402 2022
51 747
974 947
475 742
1007 372
702 439
2959 2957
2010 2010
607 192
1174 1038
935 495
990 994
296 447
164 353
83 643
2456 2344
463 338
1628 1752
2939 2714
1268 1517
1532 1532
364 439
2093 1083
2138 1016
1286 1046
669 123
1679 1040
1744 1071
182 278
605 452
225 653
1449 1352
2895 2897
777 799
2109 2006
235 1568
326 1701
1272 1649
2247 3189
778 397
1849 3124
2918 2890
2043 1580
2497 2931
2864 3286
347 719
464 2745
676 388
3013 3274
167 364
755 699
227 753
2441 855
2072 1455
326 917
1718 1068
1716 1716
877 659
54 714
2097 1230
2379 3286
1244 1941
697 482
939 71
144 822
2617 2614
2588 2745
386 932
1251 1067
1623 1817
949 5
1061 1460
1656 1833
2500 2333
741 847
640 291
1821 1226
1078 1040
1583 1314
1319 1522
1316 1406
1341 2056
591 0
2584 2585
868 8
54 999
1731 1406
2549 2981
2601 2642
1267 1724
3231 3058
1650 567
2155 1611
226 631
180 58
682 643
432 1420
2703 3286
259 390
697 469
500 35
1582 1853
755 502
443 443
890 889
1936 1935
145 822
2609 2534
14 1630
446 909
1927 1928
2430 2430
2735 3047
2134 405
380 537
213 872
803 799
639 640
668 390
898 691
250 13
1733 1406
2115 1068
3003 3003
1705 1470
988 631
1679 1047
1422 1542
51 364
1584 1731
108 383
660 659
319 788
470 51
2022 1928
1491 1054
1612 1706
762 673
428 891
68 301
1511 1168
2024 1046
240 654
2805 2805
2860 1005
2460 1667
1139 1842
2670 905
635 961
1606 1120
1486 1759
17 832
2968 3225
2102 2100
2267 2776
1340 1852
3199 3199
2402 2784
2885 2885
1801 2168
2744 2833
1920 1919
697 547
1734 1985
2540 2232
2009 1092
2141 2135
2594 2595
525 483
3015 373
1326 1796
2087 2089
1738 1493
262 887
260 33
2496 2496
979 731
89 788
93 447
1844 1693
684 953
3279 972
2839 2840
797 86
382 391
239 64
155 390
2617 2616
2079 1517
2932 2862
1591 1380
2852 2853
1788 30
2629 2416
181 847
2171 1101
737 954
686 2669
1365 1014
697 887
2139 1481
1687 1148
310 278
768 263
1253 1636
1561 1759
671 115
2474 2212
1198 2278
1299 2121
212 439
580 276
605 993
585 86
272 780
374 373
2097 1727
1009 741
444 439
579 389
1308 2049
1234 905
3053 3052
937 936
952 24
2780 2224
1339 1560
1453 1045
549 572
17 601
935 712
202 654
1724 876
686 32
67 714
1875 1023
1300 2080
2619 2614
1785 1756
310 272
713 381
1529 3021
2761 2710
2061 1356
2213 2740
970 824
2456 2552
752 996
365 1004
1236 1396
985 848
1411 1615
2728 887
1738 1843
95 2923
87 87
877 856
180 105
223 708
363 765
271 643
2970 1528
475 476
491 635
2026 1637
706 773
494 1003
1422 1916
707 709
918 483
2014 2015
1800 2153
509 847
2308 2934
90 1631
1107 1038
643 663
1429 1428
929 390
460 79
1400 1971
106 184
2513 2221
1071 1731
1823 3262
7 616
685 905
655 265
2602 2603
54 275
1529 2169
3013 2351
2301 2917
2428 3106
2354 2808
2920 2920
1758 1386
351 2579
546 89
2446 2525
3096 3095
2251 3173
2129 2130
2377 2502
1759 1363
1006 460
2737 2258
2191 2546
2391 2489
697 285
927 926
424 263
1265 1878
2850 2455
2024 1801
2907 2350
532 531
2746 3195
2219 3151
2221 471
1761 1460
332 439
80 269
1274 1044
548 986
1623 1623
2086 2087
1394 2136
1432 1203
611 613
1934 1524
572 547
1814 1528
771 295
262 373
1404 1174
715 2739
813 339
2103 1103
3242 3241
58 554
105 67
2549 3138
366 34
1704 1045
1807 2847
67 616
764 298
383 838
1991 780
1282 1740
504 471
1267 278
1355 1414
2525 2810
1356 1638
1404 1924
896 450
868 270
2730 2987
202 9
3074 2243
1196 1083
404 3183
1260 1693
402 3185
2956 2953
2006 2050
1945 1944
732 266
152 88
617 243
697 685
1248 1911
1676 1094
516 291
1410 1374
341 3258
2404 2960
2175 1918
2966 2967
2279 2750
2620 2621
700 699
1872 1031
1014 1380
1214 2004
917 280
2658 2658
1770 1420
1624 1549
2215 2508
650 204
2237 3273
2381 3186
2028 2040
1294 1506
3206 2511
1214 1708
2738 1528
213 396
1286 1532
1100 2105
2018 616
778 47
1282 646
1135 1154
1329 1516
3182 3096
1955 1045
1933 1675
1243 1648
10 390
509 848
805 490
548 546
1534 1443
412 822
2024 1013
1965 1348
713 798
130 1498
2165 1043
1727 1816
2665 441
965 612
240 618
607 849
697 32
1586 1005
1152 1373
821 329
2577 2633
1325 1683
3201 2878
628 753
2075 1925
1540 1799
901 276
1248 1029
1355 1368
2341 2226
111 0
762 1376
1980 1423
2208 3212
678 677
950 488
182 130
3213 2375
854 854
730 737
414 439
2728 3174
990 980
1344 1889
1991 1895
366 699
2354 2357
2078 1929
1524 1018
1604 1606
1761 1464
525 364
1306 1418
2585 781
595 847
3156 460
2510 3052
535 295
541 471
1968 862
2624 3228
139 731
3105 2874
363 390
802 668
2058 1114
1014 1059
160 753
708 291
253 926
685 769
1146 1389
1358 1386
570 492
680 934
3222 3240
95 574
1531 1801
244 926
240 386
706 772
718 877
1336 1005
1887 1717
2405 2785
1026 1957
2064 780
1404 1090
753 477
2083 1160
1275 1924
945 11
1985 1731
2329 2329
515 848
1224 1626
769 263
673 517
1604 1206
2517 3108
2665 31
3084 3083
2845 2214
473 767
1244 1030
3263 3261
1950 1599
3200 2832
244 547
1301 695
180 842
180 688
239 643
597 87
418 300
2230 2345
735 274
868 14
634 304
1198 1678
216 684
214 860
1238 946
679 551
1549 1017
556 471
336 291
432 705
2783 2773
347 209
1944 1886
470 364
1608 1392
2647 2702
2255 2554
2780 3022
263 283
17 488
853 1916
228 295
358 359
2464 278
619 700
572 698
601 429
236 305
885 979
1498 2139
828 34
732 534
867 677
455 22
2565 2353
108 838
3205 615
2396 2678
1639 1673
1231 905
481 616
1635 1753
1636 57
1726 1374
2677 79
778 293
3296 2592
687 32
239 498
1949 1752
153 699
1433 2151
1782 1935
899 22
2127 2126
2112 2111
793 793
570 659
866 121
2125 1494
711 673
2407 354
2400 2340
3063 2758
2332 2955
1785 1928
2372 2372
560 450
1872 1488
834 831
481 1004
621 40
302 58
1628 1949
2767 806
719 641
1609 1972
1554 1553
2035 1374
20 663
1342 1516
435 847
93 763
594 595
404 1343
1115 1383
649 387
2533 3020
1867 2696
1572 1916
1964 1137
2310 2245
935 691
2909 3043
464 739
707 799
962 3151
2867 3019
1472 1473
140 104
1514 1727
1384 1386
153 748
987 748
570 410
1249 1416
785 847
1732 1406
1332 1338
536 564
1253 57
470 390
581 276
2075 2049
2699 855
271 487
2420 672
675 287
1195 1080
668 699
640 639
1216 1675
2194 2656
1876 2081
3070 2369
692 2651
1555 1556
483 364
1979 1460
382 364
2463 2669
15 390
1650 179
482 364
2454 2985
1689 1908
77 916
1186 1806
480 40
63 916
1350 1985
694 390
1191 1727
1961 1055
642 986
2253 2891
1523 1779
2245 301
157 641
213 293
1295 2018
74 991
2390 2245
1000 616
1958 1102
483 926
1342 1438
2418 2364
2576 2916
1027 1905
2363 1789
267 179
203 274
1891 1690
2766 2604
751 734
640 799
573 152
2860 2347
3040 905
597 318
2102 2101
619 390
697 390
305 1512
807 809
673 428
784 0
1891 1125
1554 1831
1918 1940
710 450
1281 1999
508 12
896 608
1945 1870
2122 2175
2853 2852
996 847
1789 1787
2529 311
106 275
1390 1083
247 933
843 506
3228 3228
3105 3220
137 416
3302 3306
827 276
235 1068
2699 3107
1593 1592
54 748
956 275
2168 2168
3245 3246
753 853
694 616
3162 79
555 276
1964 2121
2275 3085
3221 2327
1962 1055
128 638
1400 1970
235 592
1130 1822
1837 1834
1833 1832
1236 1500
747 439
2662 2582
1267 37
2166 3021
791 542
1976 1357
1190 1078
438 51
1193 1857
97 5
1042 1615
405 400
1855 1920
3203 2322
148 230
646 31
1235 1749
2532 2711
751 45
2175 2159
152 291
200 582
746 699
174 509
1214 2006
248 681
2673 3141
3247 2335
2008 1530
2371 3140
153 291
1330 1247
504 390
2765 2995
67 998
1980 1470
980 659
2485 3125
622 316
904 698
2563 2562
2290 3048
83 274
501 372
153 1
3300 2188
592 615
875 788
1747 1720
2002 1045
105 522
1099 1767
2143 2142
2712 3089
550 364
1439 1444
2500 2500
813 77
702 483
545 0
1332 2005
877 937
62 2593
2457 2317
3098 3099
1811 1064
107 265
48 422
1398 1971
1377 1446
1530 1578
746 805
2665 738
3270 2934
581 338
902 276
2297 3254
2002 1470
1958 1959
1019 1312
1283 2042
6 20
384 173
152 566
3033 3057
1600 1078
1203 30
3203 3202
604 846
667 666
3179 3179
761 847
2254 2519
3145 2190
777 12
125 822
754 782
1781 1460
852 661
2198 2281
445 285
1100 1634
1285 1503
2325 2594
3130 3131
2260 1420
669 561
2392 2781
106 442
137 330
153 422
673 538
103 272
812 407
88 780
2495 3294
623 623
127 297
632 44
2958 2955
355 772
2599 2514
3162 2202
1521 1046
2765 441
1633 1851
1487 2003
224 697
921 447
1835 1755
2480 3236
576 873
2029 1011
1657 1731
219 681
467 767
701 521
240 584
1212 862
426 424
1070 1500
160 596
1302 2657
2251 2955
2383 2816
2770 354
1281 1678
2044 1799
1836 1838
651 928
1583 1080
571 698
590 525
2015 2014
552 637
134 589
2463 373
1010 886
1703 2049
842 842
837 836
2340 3164
2257 3207
2168 1138
262 471
1904 1372
481 1005
1360 1905
479 175
1682 57
1179 1996
236 178
2176 1689
2659 2937
2139 1634
3216 3212
1825 1948
63 329
240 932
2948 2955
964 612
2616 2285
451 450
621 230
363 363
1814 1690
228 305
1964 1203
2812 31
2432 3031
2148 1918
1794 795
3185 2487
1845 1423
2908 2462
1705 1916
148 40
779 882
2679 2679
575 616
336 598
541 297
2193 1431
2795 2794
2534 2535
1810 1640
26 1634
2570 344
1923 1406
1682 1636
2214 3235
1037 1615
202 385
535 447
2466 413
729 737
2257 1634
2638 218
492 631
1239 1788
483 439
2697 2591
2324 2324
2437 3286
1815 1691
774 1236
146 416
355 439
1141 1081
1584 1406
880 441
880 390
1249 184
2043 1366
1482 1674
1811 1764
1131 1646
1494 108
58 414
987 275
1579 2105
2583 352
588 4
150 917
859 792
402 401
1003 659
2988 2989
773 390
1717 1716
1210 1206
1813 2955
1497 1497
94 285
2682 2684
1488 961
3041 905
2883 3240
1157 1492
1933 1421
1716 1717
706 390
687 769
845 2183
167 390
733 45
1394 677
400 916
778 872
2774 31
1772 1626
1241 1989
118 22
2756 3119
661 916
3049 3050
3274 3103
1205 1848
210 682
495 631
808 643
915 433
812 390
86 539
1608 1090
325 1701
597 483
1434 1436
1164 1795
2321 2630
730 942
1262 1150
3030 3030
2897 2896
1489 1863
645 1633
2181 1012
2743 3298
2382 795
1216 1519
3252 3253
1254 1524
3017 3016
1469 1678
1339 1273
722 659
1385 1385
1010 39
1141 1866
91 795
1469 2494
990 989
1736 1731
1394 1537
1427 1013
409 847
2346 3227
485 486
724 217
1480 1086
1649 1383
2223 2264
1911 1924
2880 2742
401 3183
980 848
1828 1634
593 595
1889 1382
732 218
151 390
1636 1047
211 659
2133 1101
516 745
309 23
2413 3133
1163 1500
516 1004
2846 2518
139 495
1030 1941
2721 3286
1600 1599
438 439
2068 1722
1218 1460
1657 1732
980 986
1671 1670
2534 3125
2285 2285
1981 57
1359 1731
914 392
1372 2088
2986 2983
2073 1678
1788 1165
1659 1150
3129 2809
2900 2205
974 2339
1132 1860
135 610
1139 1145
2036 1475
499 691
1894 956
228 178
355 977
2997 2996
250 691
2984 2985
91 682
2012 2011
1552 1864
205 670
152 65
1549 1549
2295 3161
515 350
1774 1781
180 717
357 888
2117 1032
1161 1056
1921 553
808 814
779 31
1284 1264
1009 659
2393 3209
1658 1731
686 1469
473 822
845 685
987 28
303 698
3128 2799
1513 284
586 422
297 179
2005 1461
1949 1753
3181 2866
1393 1896
669 699
2605 2613
910 747
2540 3202
2436 2436
310 517
2539 2185
2149 780
1176 1021
455 390
1937 862
1933 865
166 656
499 416
1668 1860
1583 1359
1282 1766
779 2202
3287 3288
1074 1379
927 291
3052 3051
2667 2711
706 608
1911 1762
3233 3232
1169 1220
971 524
982 981
1118 1101
126 243
2914 2875
1735 1731
394 940
2864 2863
403 404
902 901
2112 1193
2147 2137
1325 1839
1361 1446
1476 1368
2961 3186
625 624
771 566
516 772
686 887
597 390
1359 1657
861 2455
1559 1686
2746 2733
1701 326
665 32
998 998
1724 37
1893 1116
176 987
793 29
107 338
1776 1047
1998 887
2193 2236
1302 1532
774 1633
562 505
1085 1728
1280 1574
3264 2749
2318 3291
573 689
668 123
1184 1464
2539 2812
2384 2872
1597 1004
2634 2189
516 69
1891 1046
3166 2593
158 583
1751 2106
1638 1637
2093 1397
1385 1175
88 266
690 691
686 2686
154 88
2707 2982
405 404
697 34
2023 1918
462 291
507 541
1019 1938
1087 1577
1042 1037
779 887
2950 2953
2400 876
2110 2109
59 604
106 291
2009 1772
1960 695
2072 1878
1178 1944
680 551
603 661
1721 429
2685 3297
2247 3188
3031 2784
542 847
1227 1079
3022 2558
2665 2745
2692 2923
1487 1930
1980 1542
322 685
2755 2754
680 679
64 643
302 364
475 295
738 739
701 799
1790 1915
103 390
387 11
1992 1691
2024 1058
1747 1630
438 437
162 782
2840 2839
1162 1517
176 830
2408 2738
774 880
1509 615
56 1492
3029 3029
2103 1143
107 276
122 2745
1802 1376
391 799
1409 429
888 338
2461 681
1345 2068
2358 2836
469 554
2106 1168
2557 2521
1993 1691
714 999
730 847
1769 1038
1337 370
58 439
2028 1011
736 737
2922 2921
2349 2733
171 506
2698 2233
379 678
2540 3033
1617 1705
1181 1637
1323 1522
1285 1423
1342 1153
2402 2553
2839 2360
3159 3156
655 276
176 67
955 613
383 108
1606 1206
1698 1929
545 286
811 753
445 291
622 982
926 291
816 814
121 814
1210 1120
285 471
2800 2801
1592 1594
1150 1912
1737 1406
1062 1374
572 574
1707 969
2452 2981
2728 553
1977 1637
201 838
3149 2312
460 539
1587 34
366 700
3139 2186
1232 1457
40 847
2024 2118
1705 1045
865 863
1542 1423
1191 1230
574 698
605 183
136 814
1364 1406
326 149
2537 2537
1285 1704
180 987
975 564
1034 2007
1966 1857
999 699
3101 3100
3009 3008
365 364
1651 3262
54 184
2020 1278
1258 1706
1097 1886
3146 3150
2717 2716
1440 1439
2356 2184
1582 1391
778 396
2269 2375
557 897
740 793
2093 1015
149 149
687 1876
1239 780
725 992
1639 1509
854 160
1096 1878
1276 2098
752 751
1449 1978
899 390
131 104
397 396
3034 2246
1714 616
654 932
188 531
3085 993
732 78
1236 1015
1235 2025
2212 2695
1019 1743
329 916
2618 2619
619 85
2199 2593
725 2340
935 657
185 183
1302 1902
462 390
1721 993
2645 2644
1637 1638
1214 1158
701 390
1650 1649
360 419
2260 3124
1807 1222
1719 1644
387 434
484 847
326 325
2842 2841
1404 1107
2334 3167
2418 2753
2402 3031
1200 1107
85 698
979 631
3120 2559
67 291
66 331
828 37
383 514
611 644
233 420
2683 2378
902 338
335 22
887 272
326 1509
526 847
1487 1794
750 986
356 69
633 956
195 753
2166 2654
575 349
2031 1349
888 265
356 291
2162 2146
251 373
153 714
2238 3016
828 278
2638 2509
724 0
1336 1831
507 390
619 522
1189 1583
1000 748
1059 1014
1447 1446
956 714
2048 2049
814 643
422 554
1452 2002
634 749
3123 1906
1236 441
1566 1386
2867 2929
1314 1737
2584 2586
357 25
592 1568
3279 55
1650 780
808 809
106 699
566 510
1736 1406
2256 2256
443 60
732 505
2826 1906
150 1701
732 430
2167 1866
185 3043
260 290
799 390
2629 2721
239 704
1921 2149
1710 429
2099 1223
668 766
2143 1913
2428 3178
147 456
259 547
400 401
1326 1662
2893 2547
1398 1970
1357 31
2362 2898
665 2081
2124 1349
732 876
2394 1743
58 390
286 544
871 439
1587 1586
1999 1678
2510 3051
620 631
1790 1847
34 699
2307 2831
2466 2868
1673 1102
2770 2580
22 699
3295 3146
2005 2110
1515 1068
1303 1519
646 179
451 773
3304 3172
571 616
2608 2607
323 514
3152 3152
2259 354
1266 1861
458 457
1009 631
2541 2902
603 5
481 364
1076 1040
1167 1523
1553 1554
592 1226
1467 1467
3054 3051
389 756
1651 1079
2140 1371
25 296
367 488
2469 2540
1344 1926
1400 2019
2524 2804
2074 1599
804 364
943 986
413 608
697 58
569 115
1282 31
818 29
952 588
328 661
2065 2064
740 29
722 787
920 1005
1010 298
514 0
481 51
828 462
1984 678
406 24
2024 1500
1747 678
2365 3285
2840 3107
998 748
3066 3067
2675 2206
725 876
2587 2587
234 364
94 445
2530 311
233 390
2718 2719
2555 3110
1258 2006
1489 218
516 439
267 102
706 946
2382 2678
835 837
2665 2242
1968 1972
1801 1633
135 370
658 390
1540 1541
2645 2643
502 372
2925 2925
1373 1373
1080 1731
2626 2625
1528 1690
1759 2014
460 86
401 404
54 522
529 847
746 772
3248 3289
3028 1667
827 338
501 502
1885 1883
525 439
1320 1646
686 2278
857 863
534 862
194 445
817 454
1937 1850
690 271
665 768
746 804
1034 1011
1462 1379
2082 2082
1231 769
1805 1806
1281 1998
1679 1411
779 1006
516 437
1837 1755
1414 1368
1216 865
1836 1183
94 373
1850 862
2342 2528
1264 1017
1236 1242
1727 1366
896 922
2427 2259
1210 1818
156 390
2226 2811
2977 2824
1744 1733
2690 2655
697 700
3214 2375
584 389
621 624
3274 1859
1647 1556
896 285
3048 2894
1013 1967
153 28
786 814
3014 373
106 522
853 2050
986 659
253 483
978 591
987 999
2873 1580
3279 2196
1576 1782
2447 2658
1654 1787
2366 3189
2244 1634
2036 1307
1947 1759
2456 2624
2038 2039
2326 2211
758 758
3015 2720
1955 2002
2624 3293
703 892
2479 2352
1680 1731
0 881
1467 1468
2170 1101
2168 441
948 329
392 24
72 674
2757 2568
964 834
2081 266
346 477
1109 1401
906 390
952 99
3236 616
686 1678
896 842
685 903
959 986
1780 1787
161 309
633 422
2561 2877
770 566
1590 1589
3201 3046
619 275
2578 2696
251 438
116 410
1679 1475
1871 1178
217 615
2200 2179
2158 1084
1128 1590
841 688
2207 183
2036 1041
804 439
2959 2263
2992 2235
1425 1107
861 860
0 844
1953 1292
2356 2261
305 1710
965 577
514 383
1364 1731
2176 1908
1436 1435
840 263
2062 2126
145 542
549 616
860 654
976 2214
3034 3035
432 855
263 460
414 390
768 905
1098 1661
427 763
474 0
2421 2883
668 701
136 809
2681 2709
2389 2941
2460 2202
576 390
2390 3125
2282 855
1236 1067
2767 2434
1583 1736
2370 2835
2246 3035
383 201
2734 2809
2746 2248
797 297
1233 1520
1256 1206
354 352
2336 3119
1699 1804
3249 2926
954 0
2677 2183
2106 1751
527 847
980 847
1885 1131
877 662
2664 2663
534 78
1893 1634
538 769
592 32
94 439
725 218
992 876
1122 1690
1332 2050
3074 2324
1823 1079
160 980
1487 1031
1249 275
2033 2050
99 0
539 184
1602 1448
3219 2828
216 291
272 471
1252 2049
938 940
827 272
313 643
481 390
1144 1416
697 522
3291 56
1575 1877
729 847
2319 2877
1461 1158
1037 1042
1748 1209
2687 2689
2270 3051
3181 2395
970 933
3150 3146
1784 1756
1465 1878
2606 2607
1033 2014
2567 2222
998 616
1189 1080
2266 2894
287 846
1648 1461
2119 1450
3046 2878
311 2105
1801 1851
1824 56
780 471
1440 1444
1329 1153
1388 1437
444 37
1176 1896
1669 1820
2607 2606
868 514
2724 2778
2952 2955
834 488
910 364
1721 1254
1262 1646
1432 2151
674 661
563 704
122 297
1010 919
614 696
3028 31
193 760
1273 2053
918 364
2465 2711
297 266
769 86
3037 2217
109 848
2150 2148
999 748
369 477
2092 1772
1262 421
559 753
1735 1657
2319 2878
76 674
1236 1058
2962 2962
2104 218
1207 1539
2295 2832
462 556
1967 1967
397 395
1318 1637
2599 2979
63 97
730 729
1073 1387
2182 2512
504 747
188 791
572 616
680 21
2969 279
1551 1148
3309 3308
2294 3193
2765 1528
469 422
2444 3167
1565 1564
2453 2912
2306 2306
668 22
1675 855
514 384
1385 2174
980 979
2548 2598
1439 1083
995 631
1999 88
259 483
121 643
172 505
98 699
222 924
456 698
957 650
2884 2884
549 646
636 389
2903 2177
180 34
208 659
579 388
697 459
3024 2520
946 2865
431 925
1053 2135
2033 1980
744 390
3116 3190
2414 3257
2032 2050
1757 1386
588 294
1873 1919
235 739
1845 2000
2653 2713
796 769
733 734
655 372
244 364
75 495
804 772
190 71
1256 1120
2159 1918
1333 2080
156 699
2166 2169
3033 2540
1286 1125
2933 2829
2113 1121
1273 1454
714 422
758 757
1243 1461
444 374
456 927
133 323
519 691
229 625
732 31
1513 1710
828 2202
2824 2977
140 589
2882 2837
2791 553
3079 3080
356 745
51 390
1019 79
453 144
879 416
394 847
1245 1079
193 759
1378 1014
2548 2348
816 847
2682 2682
2175 2049
580 581
129 589
810 900
1739 1918
169 293
85 390
1310 1483
714 748
907 731
3073 3039
69 505
1717 1717
2037 1307
2899 2205
3033 2232
1499 1500
106 999
2904 2250
187 847
147 390
810 822
1668 1560
2441 3107
549 575
350 615
2594 2325
1212 1850
182 523
386 584
3310 2252
1529 2654
325 1509
1946 1363
2330 3280
163 290
687 887
350 326
69 25
994 643
332 799
555 902
1170 2166
752 704
1663 1873
2665 3080
2862 2932
117 117
2774 1357
1941 1406
907 146
3285 2365
1245 2076
1765 1421
632 868
235 1226
591 326
3135 2881
1050 1942
700 390
1086 1479
2065 1474
881 124
1992 1815
449 450
3109 2600
1965 1353
1168 1050
1545 1725
1198 2494
7 1001
3023 2298
159 504
1441 1101
1006 86
808 587
2583 2486
3112 2805
657 663
1532 2658
2292 2969
2986 2985
456 390
127 24
1197 1005
1881 1343
2526 2732
1828 2139
745 364
242 979
1399 1970
639 799
2209 2195
469 522
3018 2627
182 37
888 372
694 184
97 661
2201 2201
2112 1966
461 86
2391 2219
38 643
1897 1176
411 631
244 439
1740 31
1999 1976
1494 201
186 847
393 27
246 2559
155 699
1687 1533
826 847
3252 184
2563 2448
1275 1622
870 635
69 461
2349 3195
2371 2422
898 647
173 838
697 439
1422 2006
708 483
42 488
2116 1483
1209 1068
2284 2302
3117 183
2049 2049
950 487
779 3028
1590 1463
327 637
114 329
1963 1066
106 714
241 659
240 794
2161 2081
1724 278
994 996
2072 1709
1295 1852
583 847
861 281
630 375
2861 2501
2316 1004
146 418
2013 1638
2067 2067
789 406
1531 2658
3146 3149
875 660
2181 648
2139 1116
1488 1031
1738 1842
1248 1141
2980 3043
197 647
866 816
1301 1151
1453 1470
708 707
217 591
2505 2694
2161 553
2984 2983
908 661
1369 1160
3000 3265
1133 2046
732 295
1859 1857
2356 2306
1917 1918
1996 1997
682 6
149 1701
609 1019
3099 2206
1174 1090
1777 2048
2686 905
200 390
132 564
2032 1980
3196 3090
1341 2008
2667 3244
154 483
1439 1015
1142 1730
998 999
1294 1150
1298 1770
910 745
1214 1994
3013 1858
764 919
3207 3207
3150 3147
462 609
869 932
566 471
1531 441
2204 2762
2570 2571
800 447
3230 3229
1009 691
1747 867
1365 1059
1353 1348
633 469
239 682
630 348
1236 1070
3021 2257
1309 1037
1811 1727
566 263
269 878
1703 1702
202 932
597 439
1013 1297
712 847
1493 1312
1813 2957
2224 3022
2744 2259
1478 1528
334 756
3199 3198
2308 3270
2447 441
1478 1690
2134 1511
1321 1562
3303 218
2686 769
1274 1892
1963 1055
489 488
1009 729
355 51
494 767
1704 2080
1232 1456
1168 172
2471 2930
1725 1967
2669 905
2791 3208
3065 3067
281 419
2756 2426
1287 1573
2483 2245
1584 1657
2336 851
418 822
2272 3007
823 627
1417 1013
873 1168
1642 554
444 445
939 940
804 390
955 612
1344 1382
3159 460
28 999
964 488
134 104
274 916
208 495
287 337
2367 2517
3004 2550
1960 1151
1286 1902
1336 1586
3118 2975
1930 1293
2698 2591
2809 2603
573 572
167 439
63 274
1222 1803
1807 1799
2888 2886
2789 2946
2331 2996
655 561
1491 1035
231 390
142 496
313 850
1747 2136
614 2362
418 281
69 296
2231 2231
2157 1416
3133 3134
2461 2790
324 1509
1527 1024
1973 1975
2689 2688
1232 297
1986 308
338 471
2024 1236
353 354
92 35
1091 1972
619 699
917 326
2266 556
1849 1848
1378 1680
2597 2229
2446 365
495 659
2368 2368
829 573
1331 1517
1723 2105
432 273
421 353
2072 2052
1736 1737
732 1
877 661
232 178
1007 502
645 441
1634 1634
1156 1975
1542 2050
1571 2004
3040 2278
2048 1819
1974 1809
1324 1683
1253 1253
525 517
2994 2651
875 986
1236 1150
2149 646
2807 2805
2328 1667
472 822
136 643
962 2
888 276
320 736
1570 1473
397 293
1020 1496
1788 780
36 661
2292 279
1236 1219
748 616
1784 2022
1059 1380
35 814
1173 1812
1544 1168
1713 1223
866 643
2964 3143
2680 2680
2610 2759
326 150
884 814
1334 1699
445 374
746 390
3074 3175
586 469
2129 963
1776 2034
239 203
1178 1870
374 763
3026 3027
779 88
2476 2736
1014 1744
1000 714
252 290
814 847
1398 2019
882 31
158 568
391 390
1854 1760
3149 3150
3292 3292
1584 1985
2235 2235
2246 2246
3097 3095
762 1001
1999 1850
779 1895
1624 1903
583 612
1269 1745
480 230
147 927
2032 2049
638 3046
25 461
1203 780
1314 1584
2012 1879
2683 2684
918 439
1712 1223
3197 3197
170 348
577 1857
394 506
815 264
683 25
203 661
106 390
2437 3165
820 9
911 804
1111 1920
1794 1792
1339 1106
3011 3010
2432 2784
1818 1206
54 699
1588 1128
625 230
170 287
732 905
325 917
1788 2066
234 571
297 31
805 698
1921 780
2460 1543
1527 1077
1412 1343
311 263
2478 2552
2342 332
1000 390
1813 1812
2687 2688
2415 3041
361 360
879 822
634 3
774 441
1000 699
680 439
481 439
586 60
2423 2212
2470 1516
3217 615
1759 1033
592 685
2729 2569
3146 3151
3274 2545
2125 108
748 699
2553 2785
119 381
1717 1729
1336 1004
145 472
2792 2623
1415 1414
303 390
783 0
868 478
2646 3124
94 390
1229 1063
1247 218
355 390
1254 1787
2635 2636
2454 2984
1151 2049
1461 2004
944 61
51 616
1707 1063
2029 2040
496 596
541 262
3153 1667
1535 1443
2596 2339
1071 1985
1440 1478
257 556
1894 1893
956 999
453 417
1281 887
2612 2611
2339 378
1048 2063
1853 1918
3296 853
1383 471
146 230
1498 130
592 739
1494 1577
720 759
138 847
2037 3228
1304 1473
29 792
1174 1776
3133 2515
1000 554
743 495
2123 1770
586 184
2617 2618
911 772
161 53
1737 1657
3015 3169
804 745
1494 1136
463 276
559 9
752 994
69 372
818 793
1089 1500
651 691
213 397
198 416
697 471
686 2494
433 273
2869 3170
305 429
708 709
2337 3124
1641 1754
345 857
631 282
1759 1946
802 566
1439 1478
519 847
2460 3153
212 963
1442 1047
504 510
258 944
445 373
403 631
905 266
1841 1202
2386 2786
680 390
2271 2652
191 847
6 663
862 862
1420 705
1981 2034
1982 1437
506 938
804 747
1192 1730
592 392
37 79
779 179
255 202
259 364
2886 2887
356 773
939 938
256 447
775 847
913 96
2539 3042
3243 2798
924 891
804 302
685 266
2435 3240
1469 2278
2073 88
1374 522
1921 2161
262 272
1183 1841
108 173
573 547
1767 1768
1129 1631
2411 2741
1282 30
831 663
911 747
623 625
2104 2084
784 290
2596 378
918 926
2311 2288
944 943
1514 1989
1777 1793
1302 1046
1445 1405
1588 1456
2173 1175
2315 2768
1123 1060
433 432
1822 1406
1359 1737
1138 1043
2980 2930
1144 1481
3109 3087
2585 2586
1148 1390
107 502
975 410
1937 1
1362 1661
821 2591
1173 2948
171 817
2618 2616
150 1509
967 447
697 574
621 623
2595 2594
727 390
1955 1470
1550 1457
262 86
3299 2228
488 488
1747 677
1926 2080
2283 3144
290 783
1633 378
159 285
2405 2553
2529 2530
2444 3290
316 410
2787 2788
382 113
91 64
1231 1416
2227 2844
935 788
1674 1121
1072 2156
2033 1903
2289 2794
569 64
1236 1088
1488 1645
1000 184
3149 3147
1613 1599
2064 646
405 401
1248 1538
579 753
2602 2704
2282 2646
1748 1515
621 620
641 643
105 999
2415 960
2763 2296
2204 2265
2306 2261
1234 1416
1668 1273
433 0
259 439
1250 1125
2403 3172
1207 1352
987 714
1263 1612
762 1990
1596 1595
2585 354
1954 2080
656 657
3168 3290
805 763
3074 2507
685 263
959 959
1745 1409
3180 2501
1359 1406
481 482
1532 1046
2180 2935
2868 413
2172 2171
1714 2686
3113 2805
567 265
1105 1606
2965 2573
723 264
1885 1884
703 893
1337 1870
1387 1220
1974 1977
575 698
629 629
177 230
1408 429
750 70
2822 2928
1425 1174
1271 1865
105 998
1661 1479
170 520
2911 2203
1897 2969
1448 1446
1690 1695
746 302
1056 1056
30 505
1288 1787
351 416
751 704
983 848
1080 1406
597 51
802 905
2965 2376
1183 1202
3122 3121
673 390
2851 2455
3060 3061
2825 2708
199 606
828 1543
3216 2375
584 110
1082 1716
1983 1388
31 471
1322 1226
1776 1775
1240 865
2387 2753
1243 1706
2580 354
2420 1931
2220 2220
1828 1043
2973 2973
852 908
10 440
2544 2996
2114 1918
590 547
327 1509
151 598
746 745
915 0
481 747
1476 1791
2410 3275
2669 2668
2834 2963
2924 2923
3127 2274
3156 2183
2492 2931
1132 1106
502 664
750 631
2112 2006
3209 577
655 296
828 3028
514 323
1173 2332
523 390
626 2843
1439 1891
2938 2937
1171 1066
2748 2747
1514 1979
1502 1501
2381 716
1830 1689
802 390
293 396
3231 2700
2276 2843
3192 2572
2813 2711
2638 876
314 643
555 901
910 390
599 598
2108 2107
850 846
3040 2494
2531 3020
1217 1772
1490 2052
1785 1927
1576 1935
1172 1710
2165 1634
971 362
804 805
2864 3185
859 29
1987 1988
1991 179
1518 2282
28 714
48 748
330 659
1969 862
2300 2892
1587 1197
2954 2955
54 390
135 716
1422 1655
411 230
1002 817
186 966
704 855
93 800
1409 1681
131 589
64 6
220 619
828 79
1334 1804
591 1017
578 608
1893 1351
2970 3210
708 390
1199 1220
2304 3030
1281 1850
1921 1474
2293 1543
176 390
1009 245
893 643
18 847
746 291
418 416
556 2894
1943 1061
1321 1646
445 390
2056 2055
714 616
2271 2603
1583 1657
2277 3029
833 488
546 788
56 172
545 544
917 288
2244 2213
231 681
818 1708
1235 1456
2465 2438
597 608
2012 2010
438 302
1452 1618
174 410
2632 2207
708 799
1189 1657
516 51
482 291
167 291
253 390
2096 1168
401 693
149 1509
2960 2404
573 390
3258 2213
2268 2821
3191 905
3282 2314
1982 1388
130 2361
1610 1310
149 917
2406 2316
246 810
170 846
377 2371
1126 1857
1100 1695
2026 1093
142 416
971 972
1464 1460
727 968
726 661
549 574
999 616
1127 1047
51 1005
1169 1075
105 422
26 263
351 354
106 748
867 678
1128 1589
3005 279
548 89
3227 3226
1911 1910
685 24
3044 2105
84 986
573 179
948 661
978 1549
350 280
2149 1989
80 1545
2002 2003
1961 1066
2033 2049
668 268
1834 1838
1215 1542
848 846
438 745
2657 2658
1571 2006
706 364
121 816
653 2895
40 660
955 488
952 164
2050 2049
1845 2049
49 847
54 67
2443 3240
232 305
2223 2491
1697 1696
1000 1000
1953 1760
886 831
379 954
2944 2541
2864 2705
1921 1991
858 781
1272 1383
3303 876
67 748
3132 2212
1648 1186
2026 1977
3278 2878
986 660
2447 2657
588 739
2032 2033
390 799
2407 2579
1818 1560
1927 2022
2728 891
665 685
2378 2684
1109 1029
1704 1705
1300 1901
281 822
3223 2522
154 390
744 447
639 167
1688 1390
2178 2590
3187 2593
1170 2169
2468 3202
995 986
2445 2706
1737 1735
2269 3071
701 699
1083 1373
78 505
2477 3259
2234 3052
350 629
1226 1568
1490 1709
1262 1509
3081 3084
1636 1038
3038 3045
845 32
2557 2726
3069 3068
1415 1368
2578 2490
43 847
920 619
105 748
999 184
3153 2328
1404 1776
2641 3043
2553 2784
2771 3277
828 1667
3005 2550
834 601
81 847
2191 2499
1932 1504
1078 1076
1255 1255
506 847
2470 2467
1107 1090
356 51
462 364
1590 2052
1628 1424
1954 1045
1225 1411
2449 3075
3217 2574
983 847
1287 1159
668 616
2149 30
1378 1380
411 410
722 245
1168 1524
2473 2534
2024 1725
684 381
194 372
1895 780
167 462
98 390
2985 676
2589 2589
1614 1615
2915 2942
149 150
516 747
2239 3114
65 266
952 423
1700 1510
732 289
951 477
404 1859
1679 1037
695 753
158 9
411 40
1107 1776
710 1533
3091 3091
595 916
1427 1545
1317 1094
1801 441
1179 1997
1463 2052
415 953
3014 3169
810 531
1680 2135
1236 1860
2848 2847
2527 3002
1326 828
939 506
1178 1178
590 291
1907 1022
212 390
3195 2733
701 698
70 631
469 275
1505 1243
2438 2711
2501 3036
668 439
26 86
2064 1019
191 661
1944 1870
980 631
1887 1888
358 279
2287 3215
2438 3244
2792 1227
1138 1634
630 629
1243 628
515 375
1059 1744
434 387
732 780
1009 320
2995 1851
2399 2976
515 629
2472 2817
2991 2991
796 263
3168 3167
1899 1898
1946 1759
1784 1786
807 643
202 933
1246 1866
1715 1408
2683 2682
802 673
617 916
2438 2813
530 2987
159 547
2871 2256
697 905
320 737
288 615
2337 2731
1969 905
36 97
138 486
1818 1120
2022 2022
446 3273
2586 354
36 916
1234 769
1229 1707
1721 1919
42 487
1790 1928
1480 1479
2151 1203
633 28
177 40
22 390
2725 2725
142 472
727 665
2210 3085
1508 1150
841 303
1741 12
1558 1557
1216 1413
1095 1864
1837 1183
487 488
355 364
180 303
728 727
1061 1374
65 218
888 25
1368 1414
311 283
196 973
2216 3044
1978 1979
1593 1594
455 1008
80 0
2009 1626
2456 3228
2385 2686
680 1005
251 668
284 429
723 814
129 104
1885 1646
1909 1477
2838 2837
580 338
2639 782
1723 1528
154 460
56 505
1950 1081
1829 3037
232 295
236 295
2325 2595
1512 1710
1607 1896
1842 1609
956 1000
1962 1066
1536 57
360 822
1235 1550
1874 1147
516 272
244 390
438 179
1169 1387
2753 1708
2551 2551
1216 1421
2581 2560
324 637
1395 1113
28 748
2707 2739
1289 2034
1369 2083
2388 2388
405 403
634 503
121 866
2780 2558
673 905
788 847
1482 1482
1705 2080
328 948
2756 851
2503 2955
1539 1352
134 691
59 847
907 493
1506 1150
2118 1242
336 390
2822 2822
1617 1820
2870 2780
3092 2802
1194 1680
2454 2983
842 699
2637 3064
315 313
3255 1521
149 325
667 495
1284 1416
1536 1038
3093 897
1049 1049
214 654
1440 1015
2516 3108
511 691
733 855
1240 1675
1177 1374
1793 1794
2429 874
1968 2160
2402 2785
543 851
1296 1892
493 979
1464 522
2418 3012
226 986
2876 2947
7 1004
1212 1937
2760 2955
1492 1492
1282 179
105 699
1945 1185
356 355
1661 1660
3088 2777
750 979
513 323
1313 1395
1174 1769
1769 57
1850 1458
1289 1636
1658 1406
2048 1906
1545 1013
2869 2936
254 390
1569 1601
1902 1046
1160 1160
3077 2974
259 926
1846 2049
816 848
574 349
779 1664
422 184
55 972
253 547
1895 646
569 866
2054 2055
1344 1291
1374 1460
202 386
1315 1810
69 276
199 2855
569 488
2605 2322
1611 2155
557 390
2138 1620
1285 1980
936 3020
1536 2119
966 847
2579 354
1736 1657
2889 2820
206 1628
1201 2060
963 2130
202 387
655 537
1808 1808
1724 79
1956 1383
973 389
444 373
1188 1619
1801 1632
54 28
698 390
2699 1420
2444 3168
1676 1108
669 390
525 390
324 280
54 998
520 847
382 390
1770 1771
683 291
888 461
2586 2584
999 714
2309 2538
2087 2085
1951 1850
495 986
0 961
251 745
2064 2091
2460 3028
2249 2797
69 338
2437 2420
728 768
998 1000
