0 690 55 415 691 446 0 670 585 591 111 784 545 724 514 474 954 99 783 433 915 80 359 0 65 670 961 881 844 961
1 153 732 1937
2 962
3 634
4 588
5 36 63 949 97 603 97 916
6 682 64 20 663
7 390 616 1001 1004
8 868
9 970 260 202 820 559 158
10 390 440
11 945 387
12 508 777 1741
13 250
14 868 544 1630
15 390
16 145
17 663 832 601 488
18 59 847
19 495
20 6 663
21 1678 680
22 303 469 599 455 899 118 335 668 699 390
23 309
24 947 952 406 392 127 685
25 655 357 69 683 888 296 461
26 1634 263 86
27 393
28 105 106 48 987 153 633 54 422 275 522 390 999 714 748
29 793 818 740 859 792
30 2064 1650 1788 1203 1282 2149 471 505
31 2082 2202 2665 646 2812 2774 779 1357 1282 3028 732 1740 882 297 471
32 686 697 687 665 592 845
33 260
34 366 828 697 1587 180 699
35 500 92 643 814
36 5 274 329 661 97 916
37 310 2464 1267 1724 828 444 182 79
38 643
39 1010 488
40 146 625 621 480 148 411 177 849 847 660
41 2773 418
42 644 488 487
43 847
44 868 632 678
45 751 733
46 847
47 778
48 106 28 422 748
49 847
50 763
51 470 438 481 355 597 516 356 483 482 439 318 747 364 390 616 1005
52 612
53 309 161
54 422 956 714 999 275 748 184 522 699 390 67 28 998
55 971 3279 0 972
56 3291 1824 1492 172 505
57 1127 157 1636 1253 1682 1981 1536 1769
58 180 302 697 554 414 439 390
59 18 604 847
60 443 586
61 944 986
62 802 2593
63 949 5 661 916 329 97 274
64 210 239 91 569 643 6
65 0 152 876 266 218
66 331
67 105 176 54 1000 999 714 616 998 291 748
68 301
69 355 516 356 265 505 25 461 296 372 276 338
70 750 659 631
71 939 190
72 674
73 73
74 991
75 495
76 674
77 813 916
78 732 534 505
79 278 2460 460 2677 3162 1019 37 828 1724
80 269 1545 0
81 847
82 658 390
83 643 274
84 743 986
85 366 619 699 698 390
86 626 797 585 460 769 1006 461 262 26 539
87 87 597 87
88 1998 1281 152 154 1999 779 2073 780 266
89 546 548 788
90 862 1631
91 795 682 64
92 35
93 447 763 800
94 374 285 445 373 439 390
95 571 2923 574
96 997 913
97 5 949 63 36 329 5 661
98 699 390
99 723 952 0
100 680
101 542
102 267
103 364 272 390
104 140 131 134 129
105 180 28 275 67 522 999 998 422 748 699
106 48 28 998 184 275 442 291 699 522 999 714 390 748
107 265 338 276 502
108 1494 383 2125 383 838 173
109 323 848
110 584
111 0
112 917
113 382
114 329
115 671 569
116 410
117 117 117
118 22
119 810 381
120 120
121 866 814 643 816 866
122 263 1004 471 2745 297
123 547 669 668
124 881
125 822
126 617 243
127 471 297 24
128 638
129 589 104
130 182 1498 1498 2361
131 104 589
132 564
133 1098 323
134 589 104 691
135 319 610 370 716
136 814 809 643
137 416 330
138 847 486
139 731 495
140 104 589
141 1002 144 418
142 496 416 472
143 143
144 141 146 453 281 822
145 497 16 822 542 472
146 907 40 144 822 416 418 230
147 456 390 927
148 230 40
149 326 149 637 149 1701 1509 917 150 325
150 326 149 637 917 1701 1509
151 390 598
152 573 266 88 291 566 65
153 275 522 699 748 291 1 422 714 28
154 291 88 483 390 460
155 390 699
156 390 699
157 290 57 641
158 970 583 568 9
159 291 504 285 547
160 854 753 596 980
161 309 53
162 782
163 290
164 952 353
165 165
166 731 656
167 639 799 364 390 439 291 462
168 608
169 293
170 494 348 287 520 846
171 506 817
172 1934 1168 56 505
173 514 384 108 838
174 509 410
175 479
176 998 987 830 67 390
177 230 40
178 236 228 232
179 1075 1650 267 297 646 779 1991 573 438 1282 471
180 390 58 105 842 688 717 987 34 303
181 847
182 390 278 130 523 37
183 452 605 185 2207 3117
184 1761 697 106 1249 54 539 694 3252 586 1000 999 422
185 2855 3267 605 183 3043
186 847 966
187 847
188 531 791
189 483 391
190 71
191 409 847 661
192 607
193 758 760 759
194 265 3122 422 445 372
195 753
196 389 973
197 647
198 416
199 606 2855
200 582 390
201 383 1494 838
202 255 847 584 654 9 385 932 933 386 387
203 239 274 661
204 204 945 650 204
205 670
206 1628
207 499
208 659 495
209 347 641
210 279 64 682
211 659
212 439 963 390
213 447 872 396 293 397
214 860 654
215 672
216 684 291
217 724 615 591
218 1724 2401 2638 732 1489 725 2104 3303 1247 65
219 390 681
220 619
221 390
222 924
223 708
224 697
225 653
226 631 986
227 753
228 295 305 178
229 625
230 148 621 480 625 146 177 411
231 390 681
232 178 305 295
233 292 420 390
234 390 364 571
235 1568 1068 592 739 1226
236 305 178 295
237 979
238 608
239 64 643 498 704 682 203
240 654 618 386 584 932 794
241 631 410 659
242 822 847 979
243 617 126
244 483 926 547 364 439 390
245 1009 722
246 2559 810
247 1003 806 933
248 681
249 388
250 13 691
251 364 699 669 1956 373 438 668 745
252 290
253 926 483 390 547
254 390
255 654 202
256 447
257 573 556
258 944
259 390 547 483 364 439 926
260 9 33 290
261 523
262 797 673 541 780 887 373 471 272 86
263 425 122 768 424 769 840 566 311 685 26 796 283 460
264 815 723
265 194 501 69 655 107 888 567
266 152 3191 732 88 2081 297 905 685 65
267 780 179 102
268 561 668
269 80 878
270 868
271 690 612 644 488 643 487
272 310 103 887 827 262 516 780 471
273 432 433
274 36 735 203 83 63 916
275 153 28 1000 105 54 106 956 987 619 1249 469
276 580 901 581 827 555 902 107 655 888 463 69 471
277 951
278 444 182 310 1267 2464 828 1724 79 1175
279 210 3006 2969 2292 3005 358
280 917 350 324
281 144 861 418 419 822
282 631
283 263 311
284 732 1513 429
285 2482 356 697 445 94 896 159 471
286 545 544
287 692 675 170 846 337
288 917 615
289 732
290 157 260 163 252 784 783
291 694 3130 317 154 159 1714 501 470 640 516 708 336 152 153 927 462 106 445 926 67 356 216 746 482 167 590 683
292 233
293 396 651 778 213 169 397 396
294 588
295 602 634 771 535 228 475 732 232 236
296 1007 25 69 655 447
297 504 3015 127 541 797 122 1232 179 266 31
298 764 1010
299 468
300 418
301 68 2245
302 804 746 438 439 58 364
303 841 180 22 698 390
304 304 634 304
305 236 228 232 1512 1710 429
306 615
307 847
308 868 1986
309 161 53 23
310 37 574 699 278 272 517
311 2529 2530 2105 263 283
312 315
313 315 661 643 850
314 643
315 312 313
316 622 410
317 291
318 481 51 597 390
319 135 788
320 1009 730 736 737
321 825
322 685
323 512 109 133 514 513 514
324 1701 326 1509 637 280
325 326 149 637 1701 1509 917
326 324 1701 350 591 917 1701 917 149 325 1509 150
327 917 1701 637 1509
328 617 661 948
329 97 661 36 821 63 948 114 916
330 137 659
331 66
332 597 2342 439 799
333 333
334 389 756
335 22
336 291 598 390
337 287
338 555 901 463 581 107 888 902 827 580 69 471
339 2799 3158 813
340 509
341 868 1560 3258
342 771
343 869 1804
344 2570
345 857
346 477
347 719 209
348 630 170 848 643
349 1177 575 574
350 515 985 615 326 280 629
351 2579 416 354
352 353 2583 354
353 164 421 352 354
354 1958 2407 2770 2259 353 2585 2580 351 2586 2579 352
355 356 483 69 976 747 772 439 977 51 390 364
356 747 285 69 291 745 773 51 355
357 888 25
358 359 279
359 0 358
360 361 419 822
361 360
362 971
363 363 765 390 363
364 911 251 523 673 697 103 517 746 777 701 167 51 525 470 483 382 482 550 302 365 481 804 234 910 918 244 745 259 706 462 355 439
365 2446 439 1004 364
366 85 34 699 700
367 488
368 488
369 477
370 1337 135
371 895
372 1007 501 502 655 888 69 194
373 3015 374 262 2463 251 94 3014 445 444
374 94 444 445 373 763
375 630 515
376 673
377 1001 673 2371
378 947 2339 2596 1633
379 678 954
380 537
381 605 606 713 119 684
382 391 364 113 390
383 384 108 514 838 108 514 201
384 514 383 173
385 386 202
386 240 202 385 932 584
387 650 649 434 202 11 434
388 249 676 579
389 936 334 467 196 579 584 636 973 756
390 234 180 608 772 483 7 711 318 221 702 219 896 516 450 182 82 550 444 28 259 668 155 929 10 363 470 15 694 619 697 504 880 773 706 167 812 151 455 597 103 899 462 701 507 799 58 233 658 156 906 414 576 481 744 51 85 147 700 456 200 804 231 746 391 106 1000 303 94 355 680 727 673 523 802 910 54 708 176 445 253 573 154 98 212 22 244 336 254 557 698 669 525 382 799
391 189 382 799 390
392 914 592 24
393 27
394 938 940 847 506
395 397
396 723 213 778 397 293 293
397 778 213 652 396 395 293
398 820
399 951
400 402 405 693 916 401
401 402 400 405 3183 404 693
402 400 3185 401
403 405 404 631
404 403 405 401 693 3183 1343 1859
405 2134 693 400 404 401 403
406 789 24
407 812
408 408
409 191 847
410 622 241 570 116 975 316 174 411
411 631 230 410 40
412 822
413 2466 2868 608
414 58 439 390
415 0 953
416 453 1003 137 146 499 879 198 351 418 142
417 453
418 1002 453 141 146 41 300 822 281 416
419 360 281
420 233
421 1262 1646 1150 1687 353
422 1899 28 194 987 54 48 153 586 633 469 714 105 554 184
423 952
424 426 263
425 426 263
426 425 424
427 763
428 673 891
429 1512 732 1172 601 1721 1409 1710 305 1408 284
430 732
431 925
432 915 433 1420 705 855 273
433 915 273 432 0
434 506 387 387
435 847
436 847
437 711 438 516
438 251 51 439 437 302 745 179
439 365 51 755 669 302 517 702 364 212 444 332 414 747 483 355 438 58 871 516 525 804 94 244 697 597 167 918 680 481 259 668
440 10
441 1723 1478 2665 2765 880 1236 2168 1531 2447 645 774 1801
442 106
443 443 443 60
444 278 390 439 37 374 445 373
445 94 194 444 285 291 374 373 390
446 0 909 3273
447 778 213 296 93 921 535 800 256 967 744
448 810
449 450
450 896 560 710 451 449 390
451 450 773
452 605 183
453 418 416 144 417
454 817
455 22 390 1008
456 147 698 927 390
457 458
458 457
459 573 697
460 2361 1006 3156 263 3159 154 79 539 86
461 69 25 888 86
462 828 167 291 390 556 609 364
463 338 276
464 2745 739
465 466
466 465
467 389 767
468 299
469 697 633 586 22 554 422 522 275
470 291 51 364 390
471 2812 127 797 732 179 1169 1232 3015 1075 1357 1199 30 802 276 122 2221 504 541 556 262 285 272 780 566 338 1383 697 31
472 145 142 822
473 767 822
474 862 1968 0
475 558 742 476 295
476 475
477 753 346 369 951
478 868
479 175
480 40 230
481 318 483 698 616 1004 1005 364 51 390 439 482 747
482 51 697 481 364 291
483 189 51 516 355 481 244 525 918 702 597 253 259 708 154 390 364 926 439
484 847
485 486
486 485 138
487 271 950 42 488
488 39 368 1010 271 790 950 17 367 834 42 489 964 488 833 955 487 569 488
489 488
490 805
491 635
492 570 493 631
493 492 907 979
494 170 1003 767
495 19 979 935 139 75 208 743 667 631 659 986
496 142 596
497 145
498 239
499 207 691 416
500 892 35
501 1007 265 291 372 502
502 508 755 501 1007 107 1004 372 664
503 634
504 159 297 471 390 747 510
505 562 732 172 69 30 78 56
506 721 843 171 394 939 434 938 847
507 541 390
508 655 502 12
509 340 174 847 848
510 566 504
511 691
512 323
513 323
514 383 323 868 173 0 383 384 323
515 985 848 350 375 629
516 483 699 390 977 291 745 1004 772 69 439 437 51 747 272
517 871 673 310 525 364 439
518 952
519 691 847
520 170 847
521 616 701
522 616 1249 999 1000 987 153 28 956 105 619 54 106 697 469 1374 1464
523 261 182 364 390
524 971
525 590 483 364 439 517 390
526 847
527 847
528 528 528
529 847
530 879 2987
531 532 188 810
532 531
533 533 534 732 533
534 732 533 862 78
535 295 447
536 564
537 380 655
538 673 769
539 86 460 184
540 540
541 507 471 297 262
542 101 791 145 847
543 851
544 14 286 545
545 0 286 544
546 548 89 788
547 697 572 244 259 573 590 159 253 123
548 986 546 89
549 698 572 616 646 575 574
550 390 364
551 679 680
552 952 637
553 1951 673 1921 2728 2791 2161
554 58 469 422 1642 1000
555 338 276 902 901
556 829 462 2266 257 471 2894
557 897 390
558 475
559 753 9
560 450
561 669 655 268
562 505
563 704
564 536 975 132
565 852
566 152 771 770 802 510 471 263
567 1650 265
568 158
569 682 600 612 115 64 866 488
570 492 659 410
571 95 697 234 698 616
572 841 697 549 573 547 698 574 616
573 257 829 459 152 689 572 547 390 179
574 310 95 572 697 549 616 698 349
575 549 699 616 349 698
576 873 390
577 965 3209 1857
578 608
579 788 389 388 753
580 276 581 338
581 580 276 338
582 200
583 158 847 612
584 202 240 386 389 110
585 0 86
586 422 469 60 184
587 808
588 952 4 294 739
589 134 140 129 131
590 525 547 291
591 978 217 0 326 1017
592 235 1068 615 1568 1226 32 685 739 392
593 847 595
594 847 595
595 594 593 847 916
596 160 496
597 332 87 318 483 390 439 51 608
598 336 151 599
599 22 598
600 671 569
601 17 834 429
602 295
603 661 5
604 59 846
605 185 381 452 993 183
606 199 381
607 192 849
608 773 639 238 168 896 706 413 578 597 390
609 828 3162 462 1019
610 135 715 1706
611 950 613 644
612 271 52 569 965 964 955 583
613 611 955
614 696 2362
615 306 3205 592 1509 217 350 3217 288
616 574 7 67 2018 481 1000 694 575 1714 571 3236 549 998 572 748 51 714 999 668 522 521
617 126 328 243 916
618 240
619 220 920 1004 698 700 390 85 522 275 699
620 623 621 631
621 40 230 624 623 620
622 410 316 982
623 623 621 620 623 625
624 625 621
625 229 623 40 624 230
626 86 2276 2843
627 823
628 1243 753
629 629 350 630 515 985 629
630 375 348 629
631 241 226 988 492 495 979 620 1009 995 411 403 750 70 980 282
632 44 868
633 956 422 469 28
634 819 295 304 749 3 503
635 491 870 961
636 389
637 149 325 150 552 327 324
638 128 3046
639 640 608 640 799 167
640 639 291 639 799
641 209 719 157 643
642 986
643 348 35 923 840 661 83 682 271 239 808 64 814 313 121 994 38 136 866 641 314 893 807 663
644 42 1010 271 611
645 880 1633 441
646 2150 732 1650 1282 549 2149 2064 1895 31 179
647 898 197
648 2865 2181
649 387
650 957 387 204
651 986 293 928 691
652 397
653 225 2895
654 255 240 202 860 214 932
655 1007 508 25 265 276 372 561 296 537
656 166 657
657 935 656 663
658 82 390
659 70 979 750 877 660 570 980 1003 722 211 1009 986 208 241 495 330
660 875 40 986 659
661 735 313 836 63 835 852 603 328 674 97 908 877 36 203 726 948 191 643 329 916
662 877
663 17 858 643 20 657 6 831
664 502
665 728 727 32 2081 768 685
666 667
667 666 495
668 802 251 390 699 123 766 701 22 268 616 439
669 251 439 123 561 699 390
670 0 205 0
671 600 115
672 215 2437 2420
673 376 377 839 762 711 802 553 364 262 517 428 538 390 905
674 72 76 661
675 287
676 2985 388
677 868 1984 678 867 1394 1747
678 44 379 1984 1747 867 677
679 680 551
680 100 934 551 679 21 439 390 1005
681 248 219 2461 231
682 569 210 91 239 643 6
683 25 291
684 216 969 953 381
685 686 687 697 845 322 592 665 905 769 903 266 263 24
686 1876 769 685 905 2669 32 1469 887 2686 2278 1678 2494
687 2686 685 32 769 1876 887
688 180 841
689 573
690 0 691 271
691 898 935 499 250 690 519 1009 651 134 511 0
692 287 2651
693 404 400 405 401
694 291 390 616 184
695 1301 1960 753
696 614
697 224 184 364 698 571 572 482 469 547 887 285 685 32 390 34 58 700 522 459 439 471 574 905
698 700 549 619 697 481 572 904 571 303 574 85 456 805 575 701 390
699 85 251 714 516 987 906 310 575 755 700 366 153 668 746 669 999 106 34 22 98 156 155 619 54 1000 748 701 842 105
700 619 366 697 698 699 390
701 668 364 521 799 390 699 698
702 390 439 483
703 892 893
704 239 563 752 751 855
705 432 1420
706 773 772 390 608 946 364
707 708 709 799
708 223 291 483 707 709 390 799
709 707 708
710 1148 450 1533
711 960 390 437 673
712 935 750 847
713 381 798
714 54 67 153 956 106 1000 987 28 999 699 999 422 748 616
715 610 2739
716 2961 2381 135
717 180
718 877
719 347 641
720 759
721 506
722 659 787 245
723 764 396 847 816 99 264 814
724 217 0
725 2400 992 2340 876 218
726 661
727 728 768 390 968 665
728 665 727 768
729 730 1009 737 847
730 320 737 942 847 729
731 166 979 139 907
732 284 471 646 429 533 862 266 534 218 78 505 430 876 31 295 1 905 289 780
733 45 734 855
734 751 733
735 813 661 274
736 320 737
737 730 729 736 320 954
738 789 2665 739
739 464 738 235 592 588
740 793 29
741 1009 847
742 475
743 979 84 495
744 390 447
745 911 805 516 356 910 804 746 438 251 364
746 364 747 699 805 772 804 390 302 745 291
747 356 805 355 746 51 910 504 804 911 481 516 439
748 1761 956 153 987 54 1000 998 999 714 48 106 67 105 28 616 699
749 634
750 712 659 986 70 631 979
751 752 996 734 45 704
752 996 751 704 994
753 874 227 628 160 811 195 559 579 695 477 853
754 802 801 1254 782
755 439 699 502
756 389 334
757 758
758 193 758 758 757
759 193 720
760 193 847
761 847
762 673 1376 1001 1990
763 800 50 93 427 374 805
764 723 298 919
765 363
766 668
767 473 467 494 822
768 727 1876 665 728 263 905
769 1273 2157 686 685 687 1231 538 796 2686 1234 263 86
770 771 3041 566
771 770 342 295 566
772 896 706 355 516 746 804 911 390
773 773 706 451 356 608 773 390
774 2118 1236 1633 880 441
775 857 847
776 883
777 364 799 12
778 447 397 47 293 872 396
779 1279 882 31 2202 887 1006 3028 88 1895 179 1664
780 267 1282 1664 262 1006 272 1991 2064 88 2149 1239 1650 1788 1203 1921 1895 732 471
781 2585 858
782 2640 754 162 2639
783 290 0
784 0 290
785 847
786 814
787 722
788 579 319 89 875 935 546 847
789 738 406
790 488
791 188 542
792 793 859 29
793 859 793 740 818 792 793 29
794 240
795 1794 2382 91
796 769 263
797 471 262 86 297
798 713
799 167 777 803 707 640 701 391 332 639 708 390 390
800 93 763 447
801 754
802 1004 754 62 471 668 566 905 390 673
803 799
804 746 911 364 439 772 390 745 747 302 805
805 746 804 747 745 490 698 763
806 247 2767
807 814 809 643
808 643 814 809 587
809 807 808 136
810 246 448 119 900 822 531
811 753
812 407 390
813 735 916 339 77
814 807 866 808 816 121 136 786 35 884 723 848 643 847
815 264
816 723 866 121 814 847 848
817 171 1002 454
818 29 793 1708
819 634
820 398 9
821 329 2591
822 767 242 146 144 145 412 125 473 810 418 472 879 281 360
823 627
824 970
825 321
826 912 847
827 276 338 272
828 2460 1326 609 34 37 278 462 2202 1543 3028 79 1667
829 556 573
830 176
831 834 886 663
832 17
833 488
834 964 831 488 601
835 661 837
836 837 661
837 835 836
838 383 108 201 173
839 673
840 643 263
841 572 688 303
842 180 842 896 842 699
843 506
844 0 958
845 2183 685 32
846 604 287 850 170 848
847 436 760 46 593 723 202 307 594 242 984 741 181 509 595 435 785 996 761 409 542 730 40 484 526 529 527 980 729 394 816 187 186 826 583 712 814 138 519 191 775 18 49 43 81 506 983 788 59 966 520
848 984 348 814 985 509 515 980 109 983 816 846
849 40 607
850 313 846
851 2336 2756 543
852 565 661 908
853 753 3296 1916 2050
854 854 854 160
855 3107 3124 2441 2699 432 2282 1675 704 733
856 877
857 775 345 863
858 663 781
859 793 792 29
860 214 861 654
861 2455 860 281
862 474 1129 90 732 1968 1212 1937 534 1850 862 1969 862
863 865 857
864 864
865 1933 1216 1240 863
866 121 569 814 121 816 643
867 868 1747 677 678
868 632 341 677 308 867 44 8 270 14 514 478
869 343 932
870 635
871 517 439
872 213 778
873 576 1168
874 2429 753
875 788 660 986
876 2401 65 2104 1247 1489 1724 2400 732 725 992 2638 3303
877 718 659 856 937 662 661
878 269
879 530 416 822
880 645 774 441 390
881 0 124
882 779 31
883 776
884 814
885 979
886 1010 831
887 1951 262 697 2728 686 1998 779 687 1281 272
888 357 338 265 372 276 25 461
889 890
890 889
891 428 924 2728
892 500 703
893 703 643
894 894
895 371
896 772 390 450 608 922 285 842
897 557 3093
898 691 647
899 22 390
900 810
901 902 555 338 276
902 555 276 901 338
903 685
904 698
905 2081 2278 2728 686 2161 2670 1234 685 1231 3040 3041 768 2686 2669 732 802 3191 697 1969 673 266
906 699 390
907 731 146 493
908 852 661
909 446
910 747 364 745 390
911 364 745 804 772 747
912 826
913 96
914 2651 392
915 432 433 0
916 5 813 77 63 400 661 329 274 595 617 36
917 112 327 326 150 325 149 978 985 280 326 288
918 483 364 439 926
919 1010 764
920 1004 1005 619
921 447
922 896
923 643
924 222 891
925 431
926 927 253 244 483 918 259 291
927 456 147 926 291
928 651
929 390
930 939
931 931
932 386 240 654 869 202
933 247 970 202
934 680
935 995 986 495 712 691 657 788
936 937 389 3020
937 877 936
938 394 506 939 941 940
939 930 71 940 938 506
940 394 938 939
941 938
942 730
943 944 986
944 258 61 943
945 204 11
946 1238 706 2031 2865
947 974 378 24
948 328 329 661
949 97 63 5
950 611 488 487
951 399 277 477
952 518 552 24 588 99 164 423
953 684 415
954 737 379 0
955 613 612 488
956 54 1894 633 748 522 275 714 999 1000
957 650
958 844
959 959 986 959
960 711 2415
961 0 635 1488 0
962 3151 2
963 2129 212 2130
964 612 834 488
965 612 577
966 186 847
967 447
968 969 727
969 684 1707 968
970 9 158 824 933
971 55 524 362 972
972 3279 971 55
973 196 389
974 947 2339
975 564 410
976 355 2214
977 516 355
978 917 591 1549
979 237 885 980 242 493 750 495 659 743 731 631
980 990 160 659 848 986 847 979 631
981 982
982 622 981
983 848 847
984 848 847
985 350 629 917 515 848
986 651 61 935 548 642 980 750 943 959 875 84 995 226 495 659 660
987 176 180 699 522 422 748 275 28 999 714
988 631
989 990
990 994 980 989
991 74
992 725 876
993 605 3085 1721 3085
994 990 752 643 996
995 935 631 986
996 751 752 994 847
997 96
998 176 106 67 998 105 54 998 748 616 999 1000
999 1000 67 54 714 987 106 998 28 956 105 522 699 748 616 184 714
1000 67 1000 956 998 999 522 275 616 748 714 390 699 554 184 1000
1001 377 7 762
1002 418 141 817
1003 247 494 416 659
1004 619 802 920 502 122 365 481 516 1597 2316 1336 7
1005 2860 1586 1336 481 920 1197 51 680
1006 779 780 460 86
1007 655 501 296 372 502
1008 455
1009 741 659 631 691 729 245 320
1010 644 488 886 39 298 919
1011 2029 2028 1034
1012 2031 2181
1013 2024 1427 1417 1545 1967 1297
1014 1365 1059 1378 1680 1380 1059 1744
1015 2093 1236 1439 1440
1016 2138
1017 1549 1264 591
1018 1524
1019 609 2064 1354 1312 1938 1743 79
1020 1496
1021 1176
1022 1907
1023 1875
1024 1527
1025 1414
1026 1957
1027 1905
1028 1048
1029 1100 1248 1109
1030 1244 1941
1031 1645 1872 1487 1488
1032 2117
1033 2014 2015 1759 2014
1034 1666 1665 2007 1011
1035 1491
1036 1485
1037 1042 1309 1679 1615 1042
1038 1404 1682 1174 1107 1769 1636 1536
1039 1212
1040 1679 1078 1076
1041 2036
1042 1679 1037 1615 1037
1043 2139 2165 1138 1828
1044 1274
1045 1944 1980 1453 1704 1955 2002 1705 1954
1046 1286 2024 1521 1891 1302 1532 1902
1047 1613 1679 1636 1776 1442 1127
1048 1028 2063
1049 1049 1049
1050 1254 1168 1942
1051 1253 2121
1052 1787
1053 2135
1054 1491
1055 1961 1962 1963
1056 1161 1056 1056
1057 1057
1058 2024 1236
1059 1378 1014 1365 1733 1014 1380 1744
1060 1123
1061 1943 1460 1374
1062 1374
1063 1229 1707
1064 1811
1065 1093 2027
1066 1963 1171 1961 1962
1067 1251 1236
1068 592 1718 2115 235 1515 1209
1069 1069
1070 1236 1500
1071 1744 1731 1985
1072 2156
1073 1075 1387
1074 1379
1075 1169 179 1220 1073 471
1076 1078 1040
1077 1527
1078 1190 1600 1371 1599 1040 1076
1079 1931 1742 1227 1651 1823 1245
1080 1195 1583 1189 1657 1731 1406
1081 1141 1950
1082 1716
1083 1083 1440 1912 2093 1196 1390 1439 1912 1083 1373
1084 2158
1085 1728
1086 1480 1479
1087 1577
1088 1236 1500
1089 1347 1500
1090 1404 1608 1174 1107 1392
1091 1972
1092 2009
1093 2026 2027 1065
1094 1676 1317
1095 1864
1096 1490 1878
1097 1886
1098 133 1661
1099 1767
1100 1579 1723 1029 2105 1634 1695
1101 1840 1864 1609 2132 2171 2133 1118 2170 1441
1102 1958 1673
1103 2103
1104 1459
1105 1606
1106 1339 1132
1107 1404 1200 1425 1038 1090 1776
1108 1317 1676
1109 1401 1029
1110 1110
1111 1920
1112 1952
1113 1395
1114 2059 2104 1187 2058
1115 1383
1116 1893 2139
1117 1154
1118 1101
1119 1119 2036 1119
1120 1604 1606 1210 1256 1818
1121 2113 1674
1122 2742 1690
1123 1060
1124 1460
1125 1302 1891 1286 1250
1126 1857
1127 57 1047
1128 1588 1590 1589
1129 1969 1937 862 1631
1130 1822
1131 1885 1646
1132 1860 1106
1133 2169 2046
1134 1422
1135 1747 1154
1136 1494
1137 1964
1138 2168 1043 1634
1139 1716 1842 1145
1140 1460
1141 1248 1081 1866
1142 1730
1143 1980 2103
1144 2105 1416 1481
1145 1139
1146 1389
1147 1874
1148 710 1403 1687 1551 1390
1149 1589
1150 421 2118 1262 1659 1294 1236 1508 1506 1507 1912
1151 1301 1960 2049
1152 2949 1373
1153 1629 1342 1329
1154 1117 1135
1155 1213
1156 1975
1157 1492
1158 1571 1214 1461
1159 1287
1160 2083 1369 1160 1160
1161 1056
1162 1381 1517
1163 1500
1164 1795
1165 2066 1788
1166 1908
1167 1523
1168 1511 2106 873 1544 2096 1050 172 1524
1169 471 1220 1075 1387
1170 2166 2169
1171 1066
1172 429 1710
1173 2955 1812 2948 2332
1174 1200 1404 1425 1038 1090 1776 1769
1175 278 2174 1360 1385 2173
1176 1897 1021 1896
1177 349 1374
1178 1871 1178 1944 1870 1178
1179 1407 1996 1997
1180 1196
1181 1638 1637
1182 1182
1183 1836 1837 1841 1202
1184 1464
1185 1945 1530
1186 1648 1806
1187 1114
1188 1918 1619
1189 1583 1080 1657
1190 1613 1078
1191 1727 1230
1192 1730
1193 1548 2112 1857
1194 2135 1731 1680
1195 1080
1196 1180 1083
1197 1587 1005
1198 2278 1678 2494
1199 471 1220
1200 1174 1107
1201 2060
1202 1841 1183
1203 1432 1964 2151 2148 30 780
1204 1208
1205 1848
1206 1604 1210 1606 1256 1818
1207 1539 1352
1208 1204
1209 1748 1068
1210 1206 1120 1818
1211 1211
1212 1039 862 1850 1937
1213 1155
1214 2004 1708 2006 1158 1994
1215 1542
1216 1848 1675 1519 865 1413 1421
1217 1772
1218 1460
1219 1236
1220 1075 1169 1387 1199
1221 1900
1222 1540 2044 1807 1803
1223 1964 1711 2099 1713 1712
1224 1626
1225 1411
1226 1821 592 235 1322 1568
1227 2792 1079
1228 1228
1229 1063 1707
1230 1514 1811 2097 1191
1231 2157 905 769 1416
1232 471 1457 1456 297
1233 1520
1234 905 1416 769
1235 1749 2025 1456 1550
1236 774 2024 1687 1891 1396 1500 1015 441 1242 1067 1058 1070 1150 1219 1088 1860
1237 1653
1238 2031 946
1239 1788 780
1240 1413 865 1675
1241 1514 2795 1989
1242 1236 2118 1860
1243 1505 1648 1461 1706 628
1244 2128 1941 1030
1245 1079 2076
1246 1866
1247 1330 876 218
1248 1911 1029 1141 1538
1249 522 1416 184 275
1250 1125
1251 1067
1252 2049
1253 1253 1051 1890 1636 57 1253
1254 754 2043 1721 1050 1524 1787
1255 1255 1528 1255
1256 1818 1818 1206 1120
1257 1880 1852
1258 1706 2006
1259 1820
1260 1693
1261 1750
1262 1150 1646 421 1509
1263 1612
1264 1284 1017
1265 1878
1266 1540 1861
1267 1724 278 37
1268 2120 1381 1517
1269 1745
1270 1270
1271 1865
1272 1649 1383
1273 1714 1454 1339 1668 769 2053 1454
1274 1044 1892
1275 1924 1622
1276 1918 2098
1277 2043
1278 2020
1279 779
1280 1574
1281 88 1999 1678 1998 887 1850
1282 780 1740 646 1766 31 30 179
1283 2042
1284 1264 1416
1285 1503 1423 1704 1980
1286 2657 1046 1532 1125 1902
1287 1573 1159
1288 1780 1787
1289 2034 1636
1290 1349
1291 1344
1292 1854 1953
1293 1930
1294 1506 1150
1295 2018 1852
1296 1892
1297 1725 1013
1298 1770
1299 2121
1300 2080 1901
1301 695 1151
1302 1125 2657 1532 1902 1046
1303 1519
1304 1473
1305 2081
1306 1418
1307 2036 2037
1308 1918 2049
1309 1037
1310 2116 1610 1483
1311 1990
1312 1019 1493 2593
1313 1395
1314 1583 1731 1735 1406 1737 1584
1315 1625 1810
1316 1406
1317 1108 1094
1318 1637
1319 1522
1320 1646
1321 1562 1646
1322 1226
1323 1522
1324 1683
1325 1683 1839
1326 1667 1796 1662 828
1327 1977
1328 1328
1329 1438 1516 1153
1330 1247
1331 1517
1332 2112 1338 2005 2050
1333 2080
1334 1699 1804
1335 1517
1336 1863 1005 1831 1586 1004
1337 370 1870
1338 1332
1339 1560 1273 1106
1340 1852
1341 2056 2008
1342 1516 1438 1153
1343 404 1881 1412
1344 1889 1926 1382 1291
1345 2068
1346 1346
1347 1089
1348 1965 1353
1349 1290 2031 2124
1350 1985
1351 1893
1352 1449 1207 1539
1353 1965 1348
1354 1019 2856
1355 1414 1368
1356 2061 2083 1638
1357 1976 2774 471 31
1358 1386
1359 1583 1735 1736 1731 1657 1737 1406
1360 1175 1905
1361 1446
1362 1661
1363 1759 1946
1364 1406 1731
1365 1014 1059
1366 2043 1727
1367 1406
1368 1355 1476 1414 1415 1414
1369 1160 2083
1370 1406
1371 1078 2140
1372 1904 2088
1373 1152 1373 1083 1373
1374 2149 1979 1410 1726 2035 1062 1061 1177 522 1460
1375 1638 1637
1376 762 1802
1377 1446
1378 1744 1059 1014 1680 1380
1379 1605 1074 1462
1380 1591 1014 1059 1378 1406
1381 1162 2079 1268
1382 1889 1344
1383 1115 1649 1272 1956 471
1384 1386
1385 1385 1385 1175 2174
1386 1758 1358 1384 1566 1757
1387 1073 1169 1220
1388 1983 1982 1437
1389 1146
1390 1148 1688 1083
1391 1582
1392 1090 1608
1393 1896
1394 2136 677 1537
1395 1313 1113
1396 1236
1397 2093
1398 1971 1970 2019
1399 1970
1400 1971 1970 2019
1401 1401 1109 1401
1402 2022
1403 1148
1404 1038 1174 1924 1090 1107 1776
1405 1445
1406 1380 1715 2135 1367 2070 1314 1370 1316 1731 1733 1732 1923 1584 1737 1364 1736 1941 1822 1359 1080 1658
1407 1179
1408 1715 429
1409 1745 1710 1512 1957 429 1681
1410 1374
1411 1679 1225 1615
1412 1343
1413 1240 1216
1414 1025 1476 1355 1415 1368 1368
1415 1414 1368
1416 1249 1144 2157 1231 1234 1284
1417 1500 1725 1013
1418 1306
1419 1921
1420 432 1770 2260 2699 705
1421 1933 1765 1216
1422 1134 1542 1916 2006 1655
1423 1980 1845 1285 1542 2050
1424 1628
1425 1107 1174
1426 2119
1427 1725 1013 1545
1428 1429
1429 1428
1430 1862
1431 2193
1432 1203 2151
1433 2151
1434 1436
1435 2008 1436
1436 1434 1435
1437 1388 1982
1438 1329 1342
1439 1440 1444 1083 1015 1478 1891
1440 1083 1439 1444 1478 1015
1441 1101
1442 1047
1443 1534 1535
1444 1439 1440
1445 2024 1405
1446 1377 1361 1447 1448
1447 1446
1448 1602 1446
1449 1352 1978
1450 2119
1451 1451
1452 2002 1618
1453 1045 1470
1454 1273 1273
1455 2072
1456 1232 1588 1235
1457 1232 1550
1458 1850
1459 1104
1460 1124 1140 1061 1761 1979 1781 1218 1464 1374
1461 2005 1648 1243 1158 2004
1462 1379
1463 1590 2052
1464 1761 1184 1460 522
1465 1878
1466 2045
1467 1467 1467 1468
1468 1467
1469 686 1678 2494 2278
1470 1954 1704 1705 1980 2002 1453 1955
1471 1471
1472 1585 1473
1473 1569 1472 1570 1304
1474 2065 1921
1475 2036 1679
1476 1414 1368 1791
1477 1909
1478 1440 1439 441 1528 1690
1479 2012 1086 1661 1480
1480 1086 1479
1481 2139 1144
1482 1482 1674 1482
1483 1310 2116
1484 1484
1485 1036
1486 1759
1487 2003 1930 1794 1031
1488 1872 961 1031 1645
1489 876 1863 218
1490 1096 2052 1709
1491 1054 1035
1492 1157 56 1492 1492
1493 1738 1312
1494 2125 108 201 1577 1136
1495 1733
1496 1746 1020
1497 1497 1497
1498 130 2139 130
1499 1500
1500 1417 1088 1236 1070 1163 2024 1499 1089
1501 1502
1502 1501
1503 1285
1504 1932
1505 1243
1506 1294 1150
1507 1150
1508 1150
1509 1639 326 325 324 150 327 149 1262 615
1510 1700
1511 2134 1168
1512 1824 1409 305 429 1710
1513 284 1710
1514 1241 1230 1727 1989 1979
1515 1748 1068
1516 1329 1342 2470
1517 1335 1268 2079 1162 1331
1518 1519 2282
1519 1216 1303 1518
1520 1233
1521 3255 1046
1522 1319 1323
1523 1826 1167 1779
1524 1581 1934 1254 1168 1018
1525 1661
1526 1761
1527 1024 1077
1528 1255 2970 1814 2738 2765 1478 1723 1690
1529 3021 2169 2654
1530 1185 2008 1578
1531 1801 2658 441
1532 1532 1286 1302 1532 2658 1046
1533 1687 710
1534 1443
1535 1443
1536 57 1038 2119
1537 1394
1538 1248
1539 1207 1352
1540 1266 1222 1799 1541
1541 1540
1542 1422 1980 1215 1423 2050
1543 2460 828 2293
1544 1168
1545 80 1427 1725 1013
1546 1763
1547 1547
1548 1966 1193
1549 1624 1549 978 1624 1017 1549
1550 1235 1457
1551 1148
1552 1864
1553 1554 1554
1554 1553 1553 1831
1555 1555 1555 1556
1556 1555 1647
1557 1558
1558 1557
1559 1686
1560 341 1339 1668 1818
1561 1759
1562 1321
1563 1564
1564 1563 1565
1565 1564
1566 1386
1567 1935
1568 235 592 1226
1569 1473 1601
1570 1473
1571 1158 2004 2006
1572 1916
1573 1287
1574 1280
1575 1877
1576 1782 1935
1577 1087 1494
1578 1530
1579 1100 2105
1580 2043 2873
1581 1524
1582 1853 1391
1583 1189 1731 1314 1080 1359 1736 1657
1584 1314 1731 1406 1657 1985
1585 1629 1472
1586 1587 1336 1005
1587 34 1586 1197
1588 1128 1456
1589 1149 1590 1128
1590 1128 1589 1463 2052
1591 1380
1592 1593 1594
1593 1692 1592 1594
1594 1592 1593
1595 1596
1596 1595
1597 1598 1004
1598 1597
1599 1685 1078 1950 1600 2074 1613
1600 1078 1599
1601 1569
1602 1829 1448
1603 1603
1604 1120 1606 1206
1605 1379
1606 1604 1105 1120 1206
1607 1896
1608 1392 1090
1609 1842 1101 1972
1610 1310
1611 2155 2155
1612 1263 1706
1613 1190 1047 1599
1614 1773 1615
1615 1411 1042 1037 1614
1616 1616 1616
1617 1705 1820
1618 1452
1619 1188
1620 2138
1621 2137
1622 1622 1275 1622
1623 1623 1817 1623
1624 1549 1549 1903
1625 1315
1626 1224 1772 2009
1627 1729
1628 206 1753 1752 1949 1424
1629 1153 1585
1630 14 1747
1631 90 1129
1632 2168 1801
1633 645 774 1801 1851 378
1634 1100 2139 26 2257 1828 2244 1893 1634 2165 1138 1634
1635 1753
1636 1253 1682 1289 57 1047 1038
1637 1375 2026 1638 1181 1977 1318 2083 1638
1638 1375 1181 1356 1637 2013 1637
1639 1673 1509
1640 1810
1641 1754
1642 554
1643 1972
1644 1719
1645 1488 1031
1646 421 1883 1131 1320 1262 1321 1885
1647 1556
1648 1243 2050 1461 1186
1649 1272 1650 1383
1650 30 646 567 179 1649 780
1651 1823 3262 1079
1652 1868
1653 1237
1654 1787
1655 1422
1656 1833
1657 1080 1359 1735 1584 1737 1583 1189 1736 1731 1732
1658 1731 1406
1659 1150
1660 1661
1661 1098 1362 1525 1479 1660
1662 1326
1663 1920 1873
1664 1921 1991 779 780
1665 1034
1666 1034
1667 1326 2460 3028 2328 3153 828
1668 1860 1560 1273
1669 1820
1670 1671
1671 1670
1672 1672
1673 1958 1639 1959 1102
1674 1482 1121
1675 1933 1216 1240 855
1676 1094 1108
1677 1724
1678 1198 1281 1469 2073 1999 686 21
1679 1042 1040 1047 1411 1475 1037
1680 1014 1378 1194 1731 2135
1681 1409
1682 1038 57 1636
1683 1684 1325 1324
1684 1878 1683
1685 1599
1686 1559
1687 421 1236 1148 1533
1688 1390
1689 2176 1830 1908
1690 1891 1814 1528 1122 1478 1695
1691 1815 1992 1993
1692 1593
1693 1844 1260
1694 1810
1695 1828 1690 1100
1696 1697
1697 1696
1698 3123 1929
1699 1334 1804
1700 1510
1701 2057 324 327 326 325 150 149 326
1702 1703
1703 2049 1702
1704 1285 1470 1045 2080 1705
1705 1617 1704 1470 1916 1045 2080
1706 610 1612 1258 1243
1707 2275 1229 2210 969 1063
1708 1214 818 2753
1709 2072 1490
1710 1409 305 1513 1172 1512 429
1711 1223
1712 1223
1713 1223
1714 1273 291 616 2686
1715 1406 1408
1716 1139 1716 1717 1082 1716 1717
1717 1887 1716 1717 1716 1717 1729
1718 1068
1719 1644
1720 1747
1721 429 993 1254 1919
1722 2068
1723 441 1100 2105 1528
1724 1267 218 1677 876 37 278 79
1725 1427 1417 1545 2024 1297 1967
1726 1374
1727 2097 1514 1191 1811 1797 1816 1366
1728 1729 1085
1729 1627 1717 1728
1730 1142 1192
1731 1314 1583 1737 1731 1194 1584 1071 1985 1657 1736 1359 1658 1735 1080 1680 1364 1732 1731 1406
1732 1731 1657 1406
1733 1059 1495 1744 1406
1734 1985
1735 1359 1314 1736 1737 1736 1731 1657
1736 1735 1359 1583 1735 1731 1406 1737 1657
1737 1314 1736 1359 1731 1406 1657 1735
1738 1493 1843 1842
1739 1918
1740 1741 1766 1740 1282 1740 31
1741 1740 12
1742 1079
1743 1874 1019 2394
1744 1378 1014 1059 1071 1733
1745 1269 1409
1746 1496
1747 1135 1984 1986 1720 1630 678 867 2136 677
1748 1209 1515
1749 1235
1750 1261
1751 2106 2106
1752 1628 1949
1753 1628 1635 1949
1754 1641
1755 1835 1837
1756 1785 1784
1757 1386
1758 1386
1759 1486 1561 1947 1946 1363 2014 1033 1946
1760 1854 1953
1761 184 748 1526 1460 1464
1762 1911
1763 1546
1764 1811
1765 1421
1766 1282 1740
1767 1099 1768
1768 1767
1769 1174 1038 57
1770 1771 1298 2123 1420 1771
1771 2123 1770 1770
1772 2009 2092 1217 1626
1773 1614
1774 1781
1775 1776
1776 1174 1404 1107 1047 2034 1775
1777 2048 1793
1778 1778 1778
1779 1523
1780 1288 1787
1781 1774 1460
1782 1576 1935
1783 1783
1784 1928 1756 2022 1786
1785 1756 1928 1927
1786 1784
1787 1052 1789 1654 1780 1254 1288
1788 1239 30 1165 780 2066
1789 2363 1787
1790 1927 1915 1847 1928
1791 1476
1792 1794
1793 1777 1794
1794 1487 1793 795 1792
1795 1164
1796 1326
1797 1727
1798 2108
1799 1540 2044 1807
1800 2153
1801 2024 1531 2168 1633 1851 441 1632
1802 1376
1803 1222
1804 1699 1334 343
1805 1806
1806 1186 1805
1807 2847 1222 1799
1808 1808 1808
1809 1974
1810 1315 1694 1640
1811 1918 1900 1230 1064 1764 1727
1812 2152 1173 1813
1813 2955 2957 1812
1814 1528 1690
1815 1992 1691
1816 1727
1817 1623
1818 1256 1210 1256 1206 1560 1120
1819 2048 1994
1820 1259 1669 1617
1821 1226
1822 1130 1406
1823 1651 3262 1079
1824 1512 56
1825 1948
1826 1523
1827 2072
1828 1695 1634 2139 1043
1829 1602 3037
1830 1689
1831 1554 1336
1832 1833
1833 2154 1656 1832
1834 1837 1838
1835 1836 1755
1836 1835 1838 1183
1837 1838 1834 1755 1183
1838 1837 1836 1834
1839 1325
1840 1101
1841 1183 1202
1842 1139 1738 1609
1843 1738
1844 1693
1845 1423 2000 2049
1846 2048 2049
1847 1790
1848 1216 1205 1849
1849 3124 1848
1850 1998 1937 1212 1999 1281 1951 862 1458
1851 2168 3009 1633 1801 2995
1852 1257 1340 1295
1853 1582 1918
1854 1292 1760
1855 1920
1856 1868
1857 1193 1966 1859 577 1126
1858 3274 3013
1859 3274 404 1857
1860 1242 1132 1668 1236
1861 1266
1862 1430
1863 1336 1489
1864 1552 1095 1101
1865 1271
1866 1141 2167 1246 1867
1867 1866 2696
1868 1856 1652
1869 1869
1870 1945 1178 1337 1944
1871 1178
1872 1031 1488
1873 1663 1919
1874 1743 1147
1875 1988 1023
1876 686 687 768 2081
1877 1575
1878 1684 1265 2072 1096 1465
1879 2012
1880 1257
1881 1343
1882 2101
1883 1885 1646
1884 1885
1885 1883 1131 1884 1646
1886 1944 1097
1887 1717 1888
1888 1887
1889 1344 1382
1890 1253
1891 1236 1439 1690 1125 1046
1892 1274 1296
1893 1894 1894 1116 1634 1351
1894 1893 956 1893
1895 1991 779 780 646
1896 2051 1393 1176 1607
1897 1176 2969
1898 1899
1899 422 1898
1900 1221 1811
1901 1300 1922
1902 1302 1286 1046
1903 1624 2033
1904 1372
1905 1027 1360
1906 3123 2826 2048
1907 1022
1908 1166 1689 2176
1909 1477
1910 1911
1911 1248 1924 1762 1910
1912 1083 1150 1083
1913 2143
1914 1914
1915 1790
1916 1422 853 1572 1705
1917 1918
1918 2095 1811 1276 1188 1308 2094 2151 2175 2148 2023 2159 1739 1917 1853 2114 1940
1919 1920 1873 1721
1920 1663 1855 1111 1919
1921 1664 1419 2064 553 2149 780 2161 1474 1991
1922 1901
1923 1406
1924 1404 1275 1911
1925 2075
1926 1344 2080
1927 1790 1785 1928 2022
1928 1784 1927 2022 1785 1790
1929 2078 1698
1930 1487 1293
1931 2420 1079
1932 1504
1933 1675 1421 865
1934 172 1524
1935 1567 1936 1782 1576
1936 1935
1937 1212 1129 862 1850 1
1938 1019
1939 1939
1940 1918
1941 1244 1030 1406
1942 1050
1943 1061
1944 1945 1178 1045 1886 1870
1945 1944 1870 1185
1946 1759 1363 1759
1947 1759
1948 1825 1949
1949 1948 1628 1752 1753
1950 1599 1081
1951 553 887 1850
1952 1952 1112 1952
1953 1292 1760
1954 1470 2002 2080 1045
1955 1045 2002 1470
1956 251 1383
1957 1409 1026
1958 1673 354 1102 1959
1959 1673 1958
1960 695 1151
1961 1055 1066
1962 1055 1066
1963 1066 1055
1964 1223 2049 1137 2121 1203
1965 1348 1353
1966 1548 2112 1857
1967 1013 1967 1725 1967
1968 474 862 1972 2160
1969 1129 862 905
1970 1971 1400 1398 1399
1971 1400 1398 1970
1972 2160 1643 1609 1968 1091
1973 1975
1974 1809 1977
1975 1973 1156
1976 1999 1357
1977 1327 1974 2026 1637
1978 1449 1979
1979 2149 1514 1978 1374 1460
1980 2112 2033 2032 1285 1143 2050 1045 1423 1470 1542
1981 57 2034
1982 1437 1388
1983 1388
1984 1747 677 678
1985 1734 1350 1584 1071 1731
1986 1747 308
1987 1988
1988 1987 1875
1989 1241 1514 2149
1990 1311 762
1991 1921 1664 780 1895 179
1992 1691 1815
1993 1691
1994 1819 1214
1995 1995
1996 1179 1997
1997 1996 1179
1998 1281 88 1850 887
1999 1281 1678 88 1976 1850
2000 1845
2001 2001
2002 1954 1452 1955 1045 1470 2003
2003 1487 2002
2004 1214 1571 1461
2005 1332 2006 1461 2110
2006 2110 2005 2109 1214 1258 1422 2112 1571 2050
2007 1034
2008 1341 1435 1530
2009 1092 1772 1626
2010 2011 2010 2012 2010
2011 2012 2010
2012 1479 2011 1879 2010
2013 1638
2014 2015 1759 1033 1033 2015
2015 2014 1033 2014
2016 2017
2017 2016
2018 1295 616
2019 1400 1398
2020 1278
2021 2079
2022 1402 1784 1927 2022 1928 2022
2023 1918
2024 1445 1046 1801 1013 1058 2118 1500 1236 1725
2025 1235 2052
2026 1637 1093 1977
2027 1093 1065
2028 2040 1011
2029 1011 2040
2030 2090
2031 1238 946 1012 1349
2032 2050 1980 2049 2033
2033 2032 2050 1980 1903 2049
2034 1776 1981 1289
2035 1374
2036 1119 1475 1307 1041
2037 1307 3228
2038 2039
2039 2038
2040 2028 2029
2041 2041
2042 1283
2043 1277 1254 1580 1366
2044 1222 2274 1799
2045 1466
2046 2047 1133
2047 2046
2048 1846 1777 2049 1819 1906
2049 1964 1308 2075 1703 2048 1252 2175 2049 2032 1151 2033 2050 1845 1846 2049
2050 1423 1648 2112 1980 2006 853 1332 2033 2032 1542 2049
2051 1896
2052 2025 2072 1490 1590 1463
2053 1273
2054 2145 2055
2055 2056 2054
2056 1341 2055
2057 1701
2058 1114
2059 1114
2060 1201
2061 1356
2062 2126
2063 1048
2064 1921 2065 30 780 646 1019 2091
2065 2064 1474
2066 1788 1165
2067 2067 2067
2068 1345 2069 1722
2069 2068
2070 1406
2071 2071
2072 1827 1455 1878 1709 2052
2073 1678 88
2074 1599
2075 1925 2049
2076 1245
2077 2175
2078 1929
2079 1381 2021 1517
2080 1300 1333 1704 1926 1954 1705
2081 1305 1876 665 2161 905 266
2082 2082 31 2083 2082
2083 1637 1356 2082 1369 1160
2084 2104
2085 2087
2086 2087
2087 2086 2089 2085
2088 1372
2089 2087
2090 2030
2091 2064
2092 1772
2093 1083 1397 1015
2094 1918
2095 1918
2096 1168
2097 1230 1727
2098 1276
2099 1223
2100 2102
2101 2102 1882
2102 2100 2101
2103 1103 1143
2104 876 1114 218 2084
2105 1144 1100 1579 311 1723 3044
2106 1751 1168 1751
2107 2108
2108 1798 2107
2109 2110 2006
2110 2112 2005 2006 2109
2111 2112
2112 1332 2050 2110 1980 2111 1193 1966 2006
2113 1121
2114 1918
2115 1068
2116 1310 1483
2117 1032
2118 774 2024 1150 1242
2119 1536 1426 1450
2120 1268
2121 1299 1964 1051
2122 2175
2123 1771 1770
2124 1349
2125 1494 108
2126 2127 2062
2127 2126
2128 1244
2129 2130 963
2130 2129 963
2131 2131
2132 1101
2133 1101
2134 405 1511
2135 1194 2141 1053 1680 1406
2136 1394 1747
2137 2147 1621
2138 1016 1620
2139 1498 1828 1043 1481 1634 1116
2140 1371
2141 2135
2142 2144 2143
2143 2142 1913
2144 2142
2145 2054
2146 2162
2147 2137
2148 1203 2150 1918
2149 1921 1979 1374 780 646 1989 30
2150 646 2148
2151 1433 1432 1918 1203
2152 1812
2153 1800
2154 1833
2155 1611 1611
2156 1072
2157 1231 769 1416
2158 1084
2159 2175 1918
2160 1968 1972
2161 1921 905 2081 553
2162 2146
2163 2163
2164 2164
2165 1043 1634
2166 1170 3305 3021 2654 2169
2167 1866
2168 1801 2168 1632 1851 2168 1138 441
2169 1133 1529 2166 1170
2170 1101
2171 2172 1101
2172 2171
2173 2174 1175
2174 2173 1385 1175
2175 2122 2077 1918 2159 2049
2176 1689 1908
2177 2903
2178 2590
2179 2200
2180 2935
2181 2865 1012 648
2182 2512
2183 845 2677 3156
2184 2306 2356
2185 2539
2186 3139
2187 2666
2188 3300
2189 2303 2634
2190 3145
2191 2546 2499
2192 2488
2193 1431 2236
2194 2656
2195 2195 2209 2195
2196 3279
2197 2504
2198 2198 2198 2281
2199 2593
2200 2179
2201 2201 2201
2202 3162 779 2460 828 31
2203 2911
2204 2762 2265
2205 2900 2899
2206 2675 3099
2207 2855 2632 183
2208 3212
2209 2195
2210 2275 1707 3085
2211 2326
2212 2474 2423 3132 2695
2213 2244 3258 2740
2214 2845 976 3235
2215 2508
2216 3044
2217 3037
2218 3194
2219 2391 3151
2220 2220 2220
2221 2513 471
2222 2567
2223 3171 2264 2491
2224 2779 2780 2558 3022
2225 2225
2226 2341 2811
2227 2844
2228 3299
2229 2597
2230 3269 2345
2231 2231 2231
2232 3203 2540 3033
2233 3158 2698
2234 3051 3052
2235 2992 2235 2235
2236 2193
2237 3273
2238 3016
2239 3114
2240 3190
2241 2241
2242 2665
2243 2324 3074
2244 1634 2213
2245 2310 2390 2483 301
2246 3034 2246 3035 2246
2247 3189 3188
2248 2746
2249 2249 2249 2797
2250 2904
2251 3173 2955
2252 3310
2253 2299 2891
2254 2519
2255 2554
2256 2256 2871 2256
2257 3021 3207 1634
2258 2476 2737
2259 2442 2427 2744 2299 354
2260 1420 3124
2261 2356 2306
2262 2412
2263 2951 2959
2264 2223
2265 2204
2266 2894 556
2267 2776
2268 2821
2269 2375 3071
2270 3051
2271 2652 2603
2272 2777 3007
2273 2273 2273
2274 2044 3127
2275 2210 1707 3085
2276 626 2843
2277 3029 3029
2278 1198 686 3040 1469 905
2279 2750
2280 2536
2281 2198
2282 1518 855 2646
2283 3144
2284 2302
2285 2616 2285 2615 2285
2286 2832
2287 3215
2288 2311
2289 2794
2290 3048
2291 2830
2292 2969 279
2293 1543
2294 3193
2295 3161 2832
2296 2763
2297 3254
2298 3023
2299 2253 2259
2300 2892
2301 2917
2302 2506 2284
2303 2189
2304 3030
2305 2905
2306 2306 2356 2184 2306 2261
2307 2831
2308 2934 3270
2309 2538
2310 3125 2245
2311 2288
2312 3149
2313 3157
2314 3282
2315 2768
2316 2406 1004
2317 2457
2318 3291
2319 2561 2877 2878
2320 2638 2401
2321 2630
2322 3203 2605
2323 2832
2324 2324 3074 3175 2243 2324
2325 2594 2594 2595
2326 2211
2327 3221
2328 3153 1667
2329 2329 2329
2330 3280
2331 2996
2332 1173 2955
2333 2500
2334 3290 3167
2335 3200 3247
2336 3119 851
2337 3124 2731
2338 3059
2339 974 2596 378
2340 2400 725 3164
2341 2226
2342 2528 332
2343 3176
2344 2624 2456
2345 2230
2346 3227
2347 2860
2348 2548
2349 2733 3195
2350 2793 2907
2351 3013 3274
2352 2479
2353 2565
2354 2808 2357
2355 2945
2356 2184 2261 2306
2357 2354
2358 2836
2359 2564
2360 2839
2361 2556 130 460
2362 614 2898
2363 2927 1789
2364 2418
2365 3285 3285
2366 3189
2367 2517
2368 2368 2368
2369 3070
2370 2835
2371 377 3140 2422
2372 2372 2372
2373 2693
2374 2374
2375 3213 2269 3214 3216
2376 2965
2377 2502
2378 2682 2683 2684
2379 3286
2380 2628
2381 3186 716
2382 795 2678
2383 2816
2384 2872
2385 2686
2386 2786
2387 2753
2388 2388 2388
2389 2941
2390 2245 3125
2391 2489 2219
2392 2781
2393 3209
2394 1743
2395 3181
2396 2678
2397 2397
2398 2398
2399 2976
2400 725 2340 876
2401 876 2320 218
2402 2784 2553 3031 2785
2403 3172
2404 2960 2960
2405 2785 2553
2406 2316
2407 354 2579
2408 2738
2409 2409
2410 3275
2411 2741
2412 2262
2413 3133
2414 3257
2415 3041 960
2416 2629
2417 2971
2418 2364 2753 3012
2419 3043
2420 2437 672 1931
2421 2883
2422 2371
2423 2212
2424 2887
2425 2440
2426 2756
2427 2259
2428 3106 3178
2429 3155 874
2430 2430 2430
2431 2523
2432 3031 2784
2433 3218
2434 2767
2435 3240
2436 2436 2436
2437 672 3286 3165 2420
2438 2465 2711 3244 2813
2439 2671
2440 2425
2441 2699 855 3107
2442 2259
2443 3240
2444 3167 3290 3168
2445 2706
2446 2525 365
2447 2658 441 2657
2448 2563
2449 3075
2450 3276
2451 2910
2452 2981
2453 2912
2454 2985 2984 2983
2455 2850 861 2851
2456 2344 2552 2624 3228
2457 2317
2458 2829
2459 3154
2460 828 79 1667 2202 1543 3153 3028
2461 681 2790
2462 2908
2463 2669 373
2464 37 278
2465 2813 2711 2438
2466 413 2868
2467 2470
2468 3204 3202
2469 2540
2470 1516 2467
2471 2930
2472 2817
2473 2534
2474 2212
2475 2715
2476 2258 2590 2736
2477 3032 3259
2478 2552
2479 2352
2480 3236
2481 2631
2482 285
2483 3125 2245
2484 2906
2485 3125
2486 2583
2487 3185
2488 2192
2489 2391
2490 2578
2491 2223
2492 2931
2493 2854
2494 1469 1198 686 3040
2495 3294
2496 2496 2496
2497 2931
2498 2695
2499 2191
2500 2500 2333 2500
2501 2861 3180 3036
2502 2377
2503 2955
2504 2197
2505 2694
2506 2302
2507 3074
2508 2215
2509 2649 2638
2510 3052 3051
2511 3206
2512 2182
2513 2221
2514 2599
2515 3133
2516 3108
2517 2367 3108
2518 2846
2519 2254
2520 3024
2521 2557
2522 3223
2523 2431
2524 2804
2525 2446 2810
2526 2732
2527 3002
2528 2342
2529 311 2530
2530 2529 311
2531 2533 2711 3020
2532 2711
2533 2531 3020
2534 2609 2473 2535 3125
2535 2534
2536 2280
2537 2537 2537
2538 2309
2539 2185 2812 3042
2540 2469 3033 2232 3202 3033
2541 2542 2944 2902
2542 2541
2543 2996
2544 2996
2545 3274
2546 2191
2547 2893
2548 2598 2348
2549 2981 3138
2550 3004 3005
2551 2551 2551
2552 2456 2478
2553 2402 2405 2785 2784
2554 2255
2555 3110
2556 3255 2361
2557 2521 2726
2558 2224 3022 2780
2559 3120 246
2560 2581
2561 2878 2319 2877
2562 2563
2563 2562 2448
2564 2359
2565 2353
2566 2567
2567 2566 2222
2568 2757
2569 2729
2570 344 2571
2571 2570
2572 3192
2573 2965
2574 3217 2651
2575 3163
2576 2916
2577 2633
2578 2696 2490
2579 351 2407 2580 354
2580 2579 2770 354
2581 2560
2582 2662
2583 352 2486
2584 2672 2586 2585 2586
2585 2584 781 2586 354
2586 2584 2585 354 2584
2587 2587 2587
2588 2745
2589 2589 2589
2590 2476 2178
2591 2697 2698 821
2592 3296
2593 1312 62 3166 2199 3187
2594 2325 2595 2595 2325
2595 2594 2325 2594
2596 2339 378
2597 2229
2598 2548
2599 3093 2514 2979
2600 3109
2601 2642 2642
2602 2603 2704
2603 2602 2809 2271
2604 2766
2605 2613 2322
2606 2607 2607
2607 2608 2606 2606
2608 2607
2609 2534
2610 2823 2759
2611 2612
2612 2611
2613 2605
2614 2617 2619 2616
2615 2615 2285 2615
2616 2614 2617 2618 2285
2617 2614 2616 2618
2618 2617 2619 2616
2619 2618 2614
2620 2621
2621 2620
2622 2859
2623 2792
2624 2456 2344 3228 3293
2625 2626
2626 2625
2627 3018
2628 2380
2629 2416 2721
2630 2321
2631 2481
2632 2207
2633 2577
2634 2189
2635 2636
2636 2635
2637 3064
2638 2919 2320 218 2509 876
2639 2640 782
2640 2639 782
2641 3043
2642 2601 2601
2643 2645
2644 2645
2645 2644 2643
2646 2282 3124
2647 2702
2648 2648 2648
2649 2509
2650 2660
2651 2574 914 692 2994
2652 2271
2653 3256 2713
2654 2166 1529 3305
2655 2690
2656 2194
2657 2658 1286 1302 2447 2658
2658 2658 2447 1532 1531 2657 2657 2658
2659 2937
2660 2650
2661 2661 2661
2662 2582
2663 2664
2664 2663
2665 441 31 738 2745 2242 3080
2666 2187
2667 2711 3244
2668 2670 2669
2669 3191 686 2463 905 2668
2670 2668 905
2671 2439
2672 2584
2673 3141
2674 2674
2675 3099 2206
2676 2676
2677 79 2183
2678 2396 2382
2679 2679 2679
2680 2680 2680
2681 2709
2682 2682 2683 2378 2684 2682
2683 2378 2684 2682
2684 2682 2683 2378
2685 3297
2686 687 686 1714 2385 905 769
2687 2689 2688
2688 2689 2687
2689 2687 2688
2690 2655
2691 2691
2692 2923
2693 2373
2694 2505
2695 2498 2212
2696 3144 1867 2578
2697 2591
2698 2233 2591
2699 2441 855 3107 1420
2700 3231
2701 3278
2702 2647
2703 3286
2704 2602
2705 2864
2706 2445
2707 2982 2739
2708 2825
2709 2681
2710 2761
2711 2531 2532 2667 2465 2813 2438
2712 3089
2713 2653
2714 2939
2715 2475
2716 2717
2717 2716
2718 2719
2719 2718
2720 3015
2721 2629 3286
2722 2723
2723 2722
2724 2744 2778
2725 2725 2725
2726 2557
2727 2913
2728 905 887 3174 553 891
2729 2569
2730 2987
2731 2337
2732 2526
2733 2746 2349 3195
2734 2809
2735 3047
2736 2476
2737 2258
2738 2408 1528
2739 715 2707
2740 2213
2741 2411
2742 1122 2880
2743 3298
2744 2724 3078 2833 2259
2745 3115 464 2588 2665 122
2746 3195 2733 2248
2747 2748
2748 2747
2749 3264
2750 2279
2751 2856
2752 2889
2753 2418 2387 1708
2754 2755
2755 2754
2756 3119 2426 851
2757 2568
2758 3063
2759 2610
2760 2955
2761 2710
2762 2204
2763 2296
2764 2764
2765 2995 441 1528
2766 2604
2767 3272 806 2434
2768 2315
2769 3142
2770 354 2580
2771 3277
2772 3239
2773 2783 41
2774 31 1357
2775 2776
2776 2775 2267
2777 2272 3088
2778 2724
2779 2224
2780 2870 2224 3022 2558
2781 2392
2782 2782 2782
2783 2773
2784 3094 2402 3031 2432 2553
2785 2405 2553 2402
2786 2386
2787 2788
2788 2787
2789 2946
2790 2461
2791 553 3208
2792 2623 1227
2793 2350
2794 2795 2289
2795 1241 2794
2796 2999
2797 2249
2798 3243
2799 3128 339
2800 2801
2801 2800
2802 3092
2803 2803
2804 2524
2805 2805 3112 2807 3113 2805
2806 2807
2807 2806 2805
2808 2354
2809 3129 2734 2603
2810 2525
2811 2226
2812 2539 471 31
2813 2465 2438 2711
2814 2815
2815 2814
2816 2383
2817 2472
2818 2819
2819 2818
2820 2889
2821 2268
2822 2822 2928 2822
2823 2610
2824 2977 2977
2825 2708
2826 3123 1906
2827 2827
2828 3219
2829 2458 2933
2830 2291
2831 2307
2832 3161 2323 3160 2286 3200 2295
2833 2744
2834 2963
2835 2370
2836 2358
2837 2882 2838
2838 2837
2839 2840 2840 2360
2840 2839 2839 3107
2841 2842
2842 2841
2843 626 2276
2844 2227
2845 2214
2846 2518
2847 2849 1807 2848
2848 2847
2849 2847
2850 2455
2851 2455
2852 2853 2853
2853 2852 2852
2854 2493
2855 185 199 2207
2856 2751 1354
2857 2857
2858 2858
2859 2622
2860 1005 2347
2861 2501
2862 2932 2932
2863 3131 2864
2864 3286 2863 3185 2705
2865 2181 946 648
2866 3181
2867 3019 2929
2868 2466 413
2869 3170 2936
2870 2780
2871 2256
2872 2384
2873 1580
2874 3105
2875 2914
2876 2947
2877 2561 2319
2878 2561 3201 3046 2319 3278
2879 2879
2880 2742
2881 3135
2882 2837
2883 2421 3240
2884 2884 2884
2885 2885 2885
2886 2888 2887
2887 2424 2886
2888 2886
2889 2752 2820
2890 2918
2891 2253
2892 2300
2893 2547
2894 3048 2266 556
2895 653 2897
2896 2897
2897 2895 2896
2898 2362
2899 2205
2900 2205
2901 3279
2902 2541
2903 2177
2904 2250
2905 2305
2906 2484
2907 2350
2908 2462
2909 3043
2910 2451
2911 2203
2912 2453
2913 2727
2914 2875
2915 2942
2916 2576
2917 2301
2918 2890
2919 2638
2920 2920 2920
2921 2922
2922 2921
2923 95 2692 2924
2924 2923
2925 2925 2925
2926 3249
2927 2363
2928 2822
2929 2867
2930 2471 2980
2931 2497 2492
2932 2862 2862
2933 2829
2934 2308 3270
2935 2180
2936 2869
2937 2659 2938
2938 2937
2939 2714
2940 3076
2941 2389
2942 2915
2943 2943
2944 2541
2945 2355
2946 2789
2947 2876
2948 1173 2955
2949 2949 1152 2949
2950 2956 2953
2951 2263
2952 2955
2953 2956 2950
2954 2955
2955 3173 1173 2332 2958 2251 2948 1813 2952 2954 2503 2760
2956 2950 2953
2957 2959 1813
2958 2955
2959 2957 2263
2960 2404 2404
2961 716 3186
2962 2962 2962
2963 2834
2964 3143
2965 2573 2376
2966 2967
2967 2966
2968 3225
2969 2292 1897 279
2970 1528 3210
2971 2417
2972 3220
2973 2973 2973
2974 3077
2975 3118
2976 3303 2399
2977 2824 2824
2978 2978 2978
2979 2599
2980 3043 2930
2981 2549 2452
2982 2707
2983 2986 2984 2454
2984 2454 2985 2983
2985 2454 2984 2986 676
2986 2983 2985
2987 2730 530
2988 2989
2989 2988
2990 2990 2990
2991 2991 2991
2992 2235
2993 3311
2994 2651
2995 2765 1851
2996 2543 3233 2997 2331 2544
2997 2996
2998 3109
2999 2796
3000 3265
3001 3307
3002 2527
3003 3003 3003
3004 2550
3005 3006 279 2550
3006 3005 279
3007 2272
3008 3009
3009 1851 3008
3010 3011
3011 3010
3012 2418
3013 3274 2351 1858
3014 3015 373 3169
3015 3014 471 297 373 2720 3169
3016 3017 2238
3017 3016
3018 2627
3019 2867
3020 2533 2531 936
3021 1529 2166 2257
3022 2780 2224 2558
3023 2298
3024 2520
3025 3025
3026 3027
3027 3026
3028 3162 779 828 2460 1667 31
3029 3029 2277 2277 3029
3030 3030 2304 3030
3031 2432 2402 2784
3032 2477
3033 2540 3202 3057 2540 2232
3034 2246 3035
3035 3034 2246
3036 2501
3037 1829 2217
3038 3045
3039 3073
3040 905 2278 2494
3041 770 2415 905
3042 2539
3043 3111 2419 2909 185 2980 2641
3044 2216 2105
3045 3038
3046 3201 638 2878
3047 2735
3048 2290 2894
3049 3050
3050 3049
3051 2234 3052 2510 3054 2270
3052 3053 2510 2234 3051
3053 3052
3054 3051
3055 3056
3056 3055
3057 3033
3058 3231
3059 2338
3060 3061
3061 3062 3060
3062 3061
3063 2758
3064 2637
3065 3066 3067
3066 3065 3067
3067 3066 3065
3068 3069
3069 3068
3070 2369
3071 2269 3072
3072 3071
3073 3039
3074 2243 2324 3175 2507
3075 2449
3076 2940
3077 2974
3078 2744
3079 3080
3080 3079 2665
3081 3082 3084
3082 3084 3081
3083 3084
3084 3082 3081 3083
3085 993 2275 2210 993
3086 3086 3086
3087 3109
3088 2777
3089 2712
3090 3196
3091 3091 3091
3092 2802
3093 2599 897
3094 2784
3095 3182 3096 3097
3096 3097 3182 3095
3097 3096 3095
3098 3099
3099 2675 3098 2206
3100 3101
3101 3100
3102 3102
3103 3274
3104 3104
3105 2874 3220
3106 2428
3107 2699 2840 2441 855
3108 2517 2516
3109 2998 2600 3087
3110 2555
3111 3043
3112 2805
3113 2805
3114 2239
3115 2745
3116 3190
3117 183
3118 2975
3119 2756 2336
3120 2559
3121 3122
3122 194 3121
3123 1698 2826 1906
3124 1849 2260 2646 2337 855
3125 2483 2310 2485 2534 2390
3126 3126 3126
3127 2274
3128 2799
3129 2809
3130 291 3131
3131 3130 2863
3132 2212
3133 2413 3134 2515
3134 3133
3135 2881
3136 3137
3137 3136
3138 2549
3139 2186
3140 2371
3141 2673
3142 2769
3143 2964
3144 2283 2696
3145 2190
3146 3295 3150 3147 3148 3150 3149 3151
3147 3146 3150 3149
3148 3146
3149 3150 3146 2312 3150 3147
3150 3146 3149 3149 3146 3147
3151 2219 962 3146
3152 3152 3152
3153 2460 1667 2328
3154 2459
3155 2429
3156 3159 460 2183
3157 2313
3158 2233 339
3159 3156 460
3160 2832
3161 2295 2832
3162 609 3028 79 2202
3163 2575
3164 2340
3165 2437
3166 2593
3167 2334 2444 3168 3290
3168 2444 3290 3167
3169 3015 3014
3170 2869
3171 2223
3172 3304 2403
3173 2251 2955
3174 2728
3175 2324 3074
3176 2343
3177 3178
3178 2428 3177
3179 3179 3179
3180 2501
3181 2866 2395
3182 3095 3096
3183 3184 404 401
3184 3183
3185 402 2864 2487
3186 2381 2961
3187 2593
3188 2247
3189 2247 2366
3190 2240 3116
3191 266 2669 905
3192 2572
3193 2294
3194 2218
3195 2746 2349 2733
3196 3090
3197 3197 3197
3198 3199
3199 3199 3199 3198
3200 2335 2832
3201 2878 3046
3202 3033 3203 2540 2468
3203 2232 2322 3202
3204 2468
3205 3234 615
3206 2511
3207 2257 3207 3207
3208 2791
3209 2393 577
3210 2970
3211 3213
3212 3213 2208 3216
3213 3211 3212 2375
3214 2375
3215 2287
3216 3212 2375
3217 615 2574
3218 2433
3219 2828
3220 2972 3105
3221 2327
3222 3281 3240
3223 2522
3224 3224
3225 2968
3226 3227
3227 2346 3226
3228 2624 3228 2037 2456 3228
3229 3230
3230 3229
3231 3058 2700
3232 3233
3233 2996 3232
3234 3205
3235 2214
3236 2480 616
3237 3237
3238 3238
3239 2772
3240 3222 2883 2435 2443
3241 3242
3242 3241
3243 2798
3244 2667 2438
3245 3246
3246 3245
3247 2335
3248 3289
3249 2926
3250 3251
3251 3250
3252 3253 184
3253 3252
3254 2297
3255 2556 1521
3256 2653
3257 2414
3258 341 2213
3259 2477
3260 3263
3261 3263
3262 1823 1651
3263 3260 3261
3264 2749
3265 3000
3266 3267
3267 3266 185
3268 3268
3269 2230
3270 2308 2934
3271 3271
3272 2767
3273 2237 446
3274 2351 3013 1858 3103 1859 2545
3275 2410
3276 2450
3277 2771
3278 2701 2878
3279 2901 972 55 2196
3280 2330
3281 3222
3282 2314
3283 3284
3284 3283
3285 2365 2365
3286 2864 2379 2703 2437 2721
3287 3288
3288 3287
3289 3248
3290 2334 3167 2444 3168
3291 2318 56
3292 3292 3292
3293 2624
3294 2495
3295 3146
3296 2592 853
3297 2685
3298 2743
3299 2228
3300 2188
3301 3301
3302 3306
3303 2976 218 876
3304 3172
3305 2166 2654
3306 3302
3307 3001
3308 3309
3309 3308
3310 2252
3311 2993