439 365
644 42
1101 1840
204 204
483 189
1004 619
55 971
441 1723
2189 2303
2077 2175
1273 1714
1297 1725
1878 1684
3283 3284
1003 247
985 350
2616 2614
483 51
1875 1988
2668 2670
1787 1052
1927 1790
364 911
459 573
390 234
1646 421
1129 1969
364 251
848 984
553 1951
1500 1417
1638 1375
3014 3015
2259 2442
2050 1423
1349 1290
768 727
1241 1514
637 149
1729 1627
1470 1954
2593 1312
1000 67
483 516
1673 1958
960 711
291 694
184 1761
1912 1083
745 911
3149 3150
422 1899
3125 2483
699 85
1051 1253
1518 1519
905 2081
1876 686
2566 2567
441 1478
905 2278
1731 1314
522 616
3290 2334
2207 2855
1470 1704
1407 1179
48 106
97 5
780 267
1528 1255
1918 2095
3175 2324
780 1282
847 436
318 481
876 2401
1780 1288
40 146
3125 2310
611 950
483 355
3269 2230
291 3130
2699 2441
292 233
1564 1563
293 396
887 1951
2832 3161
2335 3200
86 626
312 315
819 634
390 180
553 673
661 735
857 775
2050 1648
2784 3094
9 970
1625 1315
170 494
985 629
323 512
682 569
5 36
1922 1901
768 1876
3032 2477
79 278
608 773
1555 1555
0 690
848 348
2142 2144
814 807
9 260
291 317
1692 1593
699 251
3239 2772
1710 1409
522 1249
978 917
1079 1931
544 14
986 651
620 623
1001 377
31 2082
2027 1093
1867 1866
1736 1735
1972 2160
862 474
643 348
418 1002
1012 2031
1994 1819
3041 770
2031 1238
1277 2043
57 1127
1523 1826
1664 1921
265 194
2832 2323
184 697
495 19
390 608
2727 2913
880 645
1045 1944
1733 1059
518 952
471 2812
1500 1088
1890 1253
3084 3082
2996 2543
1175 278
0 55
828 2460
999 1000
698 700
643 35
2971 2417
699 714
533 533
3043 3111
2148 1203
3056 3055
385 386
663 17
88 1998
2976 3303
471 127
1038 1404
383 384
782 2640
1150 421
1716 1139
764 723
2509 2649
266 152
3278 2701
792 793
1701 2057
2233 3158
1406 1380
3147 3146
422 28
1438 1329
769 1273
2006 2110
698 549
2865 2181
1204 1208
364 523
876 65
1858 3274
699 516
3154 2459
364 673
3260 3263
979 237
275 153
1175 2174
297 504
266 3191
612 271
509 340
2232 3203
284 732
999 67
646 2150
951 399
1223 1964
2299 2253
1743 1874
96 997
1120 1604
495 979
144 141
2693 2373
693 404
3123 1698
1222 1540
3136 3137
471 797
3276 2450
1856 1868
2258 2476
2016 2017
2945 2355
158 970
2813 2465
204 945
349 1177
410 622
1050 1254
2806 2807
1753 1628
390 772
1653 1237
2830 2291
644 1010
2052 2025
673 376
608 639
572 841
1381 1162
497 145
1036 1485
1004 802
1735 1359
917 112
179 1075
488 39
2128 1244
2344 2624
28 105
637 325
290 157
3272 2767
1223 1711
855 3107
22 303
730 320
2350 2793
144 146
995 935
2640 2639
986 61
1406 1715
2752 2889
862 1129
1347 1089
2657 2658
1695 1828
371 895
448 810
1029 1100
418 453
659 70
1683 1684
616 574
2112 1332
3290 3167
281 144
609 828
1797 1727
658 82
390 483
172 1934
533 534
460 2361
30 2064
2210 2275
2814 2815
1119 1119
773 773
1646 1883
2795 1241
556 829
471 732
669 251
2599 3093
855 3124
2198 2198
1589 1149
1725 1427
141 1002
390 7
295 602
571 95
378 947
1863 1336
2049 1964
1098 133
1900 1221
268 561
1818 1256
1850 1998
996 751
1135 1747
1918 1811
364 697
390 711
352 353
22 469
41 2773
471 179
776 883
359 0
57 157
655 1007
3122 194
917 327
483 481
1949 1948
97 949
1657 1080
912 826
641 209
1984 1747
329 97
1920 1663
655 508
3155 2429
2910 2451
1838 1837
2715 2475
79 2460
3202 3033
769 2157
643 923
522 999
0 415
2955 3173
274 36
2696 3144
471 1169
1148 710
643 840
319 135
341 868
1652 1868
1613 1190
1165 2066
2184 2306
263 425
3220 2972
37 310
3099 2675
2083 1637
501 1007
2083 1356
400 402
390 318
1096 1490
1732 1731
126 617
1279 779
2224 2779
1848 1216
3123 2826
18 59
488 368
263 122
3234 3205
985 917
295 634
1033 2014
738 789
1034 1666
2940 3076
1152 2949
1220 1075
364 103
1114 2059
2990 2990
2192 2488
3218 2433
1143 1980
483 244
769 686
218 1724
1292 1854
323 109
3305 2166
1977 1327
1560 341
173 514
1687 421
3096 3097
1972 1643
1381 2079
1004 920
293 651
354 1958
2361 2556
747 356
416 453
2046 2047
558 475
685 686
748 1761
1526 1761
772 896
2273 2273
2027 1065
53 309
609 3162
3190 2240
482 51
85 366
986 935
612 52
1108 1317
2302 2506
1101 1864
3085 993
2105 1144
876 2104
2584 2672
1530 1185
291 154
69 355
876 1247
1371 1078
3043 2419
637 150
916 5
876 1489
434 506
2669 3191
84 743
2187 2666
2378 2682
2030 2090
422 194
1880 1257
976 355
1473 1569
814 866
439 51
2657 1286
1134 1422
1114 2104
339 2799
16 145
2887 2424
37 2464
1256 1818
2277 3029
648 2865
1033 2015
2695 2498
1268 2120
1707 2275
2536 2280
847 760
2050 2112
2338 3059
2996 3233
1101 1609
1952 1952
409 191
364 517
1153 1629
418 141
328 617
1852 1257
28 106
3086 3086
780 1664
390 221
1524 1581
941 938
1894 1893
0 691
2919 2638
1986 1747
1039 1212
2531 2533
615 306
2195 2195
1616 1616
2796 2999
573 257
1820 1259
5 63
699 987
0 446
285 2482
822 767
396 723
63 949
1701 324
693 400
1823 1651
1158 1571
364 746
2556 3255
2955 1173
2745 3115
2832 3160
390 702
390 219
799 167
522 1000
488 1010
1392 1090
1599 1685
847 46
1585 1629
465 466
862 90
287 692
40 625
2686 687
279 210
693 405
1310 2116
381 605
3142 2769
3072 3071
2601 2642
22 599
725 2400
3061 3062
2847 2849
1100 1579
698 619
522 987
326 324
847 593
3006 3005
608 238
1154 1117
2320 2638
2993 3311
1460 1124
3028 3162
343 869
1114 1187
2110 2112
661 313
119 810
780 262
763 800
2661 2661
3256 2653
763 50
847 723
2523 2431
502 508
780 1006
1622 1622
1735 1314
1051 2121
1460 1140
88 1281
517 871
1174 1200
1664 1991
522 153
291 159
1043 2139
447 778
1862 1430
2622 2859
2978 2978
3065 3066
2031 946
2135 1194
1426 2119
1381 1268
1966 1548
542 101
1125 1302
1546 1763
659 979
1701 327
1740 1741
1918 1276
3267 3266
471 1232
3177 3178
1031 1645
1230 1514
1406 2135
1466 2045
1479 2012
2927 2363
528 528
1632 2168
265 501
2782 2782
661 836
1525 1661
1731 1583
3250 3251
389 936
2575 3163
1851 2168
2157 1231
1778 1778
2855 185
801 754
338 555
1512 1824
387 650
2305 2905
1004 502
471 3015
905 2728
1833 2154
743 979
437 711
747 805
2243 2324
3305 2654
698 697
3183 3184
1952 1112
0 0
2878 2561
390 896
1918 1188
1744 1378
2002 1954
754 802
2440 2425
388 249
852 565
1193 1548
847 202
2776 2775
1073 1075
747 355
673 377
644 271
2711 2531
673 839
1261 1750
788 579
275 28
2050 1980
1979 2149
2580 2579
1059 1378
304 304
2650 2660
2118 774
678 44
1980 2112
1812 2152
2956 2950
2249 2249
847 307
1918 1308
0 670
275 1000
3081 3082
65 0
571 697
677 868
748 956
530 879
747 746
1354 1019
2319 2561
2493 2854
3148 3146
600 671
447 213
1882 2101
1414 1025
1517 1335
968 969
2823 2610
1512 1409
600 569
985 515
849 40
1860 1242
2829 2458
2083 2082
1728 1729
1851 3009
25 655
2723 2722
905 686
3281 3222
643 661
2818 2819
296 1007
822 242
308 868
2615 2615
471 1075
390 516
672 215
1079 1742
2564 2359
631 241
938 394
1472 1585
488 271
2651 2574
1254 754
1956 251
2210 1707
3204 2468
699 906
1968 474
958 844
1083 1083
416 1003
572 697
1900 1811
291 1714
685 687
471 1357
2081 1305
523 261
432 915
381 606
2276 626
2021 2079
279 3006
552 952
364 777
422 987
2671 2439
521 616
1222 2044
716 2961
2010 2011
1731 1737
2320 2401
1908 1166
522 28
364 701
425 426
3267 185
343 1804
2069 2068
574 310
389 334
699 310
735 813
1065 1093
422 54
770 771
2832 2286
2615 2285
429 1512
1935 1567
2628 2380
390 450
62 802
2998 3109
2631 2481
892 500
822 146
3157 2313
1083 1440
21 1678
3274 2351
1957 1409
646 732
1827 2072
670 0
1770 1771
847 594
1614 1773
665 728
374 94
750 712
291 501
429 732
1374 2149
1401 1401
1379 1605
533 732
1148 1403
28 48
390 182
1419 1921
291 470
338 901
3001 3307
1667 1326
2651 914
1740 1766
41 418
1119 2036
1733 1495
342 771
1638 1181
439 755
1990 1311
2777 2272
2590 2476
1735 1736
816 723
3171 2223
429 1172
1045 1980
439 669
2145 2054
3095 3182
1155 1213
1918 2094
1680 1014
969 684
183 452
1042 1679
2197 2504
1406 1367
439 302
285 356
30 1650
1038 1682
1597 1598
471 1199
1687 1236
2906 2484
318 51
998 176
847 242
329 661
1725 1417
1540 1266
608 168
2169 1133
471 30
698 481
1507 1150
297 3015
3213 3211
1230 1811
1959 1673
1100 1723
2648 2648
1406 2070
1413 1240
339 3158
1374 1979
605 185
398 820
1435 2008
1406 1314
1677 1724
1740 1740
699 575
825 321
3126 3126
1354 2856
488 790
1047 1613
262 797
218 2401
471 802
1004 122
1798 2108
471 276
2274 2044
998 106
2949 2949
1731 1731
329 36
848 814
2048 1846
24 947
31 2202
1083 1912
1180 1196
661 63
1731 1194
646 1650
390 82
1637 1375
390 550
753 874
2742 1122
745 805
1459 1104
1896 2051
2541 2542
1048 1028
654 255
1835 1836
3051 2234
1694 1810
1970 1971
389 467
1928 1784
930 939
2218 3194
389 196
2263 2951
506 721
1602 1829
2724 2744
471 122
275 105
1068 592
2856 2751
2558 2224
977 516
99 723
3176 2343
2863 3131
1175 1360
916 813
847 984
652 397
1891 1236
862 732
867 868
410 241
1406 1370
1101 2132
123 547
2006 2005
731 166
659 750
1771 2123
584 202
1599 1078
2064 1921
1129 1937
793 859
1414 1476
806 247
951 277
661 835
207 499
391 189
44 868
278 444
2174 2173
956 54
3212 3213
1034 1665
612 569
672 2437
100 680
1621 2137
522 956
663 858
715 610
1918 2151
1150 2118
2901 3279
1496 1746
332 597
2262 2412
262 673
439 517
265 69
390 444
3078 2744
299 468
0 585
390 28
493 492
1624 1549
64 210
1273 1454
1254 2043
961 0
905 2161
1445 2024
1736 1359
677 1984
758 193
2299 2259
1706 610
2022 1402
747 51
947 974
742 475
372 1007
439 702
2957 2959
2010 2010
192 607
1038 1174
495 935
994 990
447 296
353 164
643 83
2344 2456
338 463
1752 1628
2714 2939
1517 1268
1532 1532
439 364
1083 2093
1016 2138
1046 1286
123 669
1040 1679
1071 1744
278 182
452 605
653 225
1352 1449
2897 2895
799 777
2006 2109
1568 235
1701 326
1649 1272
3189 2247
397 778
3124 1849
2890 2918
1580 2043
2931 2497
3286 2864
719 347
2745 464
388 676
3274 3013
364 167
699 755
753 227
855 2441
1455 2072
917 326
1068 1718
1716 1716
659 877
714 54
1230 2097
3286 2379
1941 1244
482 697
71 939
822 144
2614 2617
2745 2588
932 386
1067 1251
1817 1623
5 949
1460 1061
1833 1656
2333 2500
847 741
291 640
1226 1821
1040 1078
1314 1583
1522 1319
1406 1316
2056 1341
0 591
2585 2584
8 868
999 54
1406 1731
2981 2549
2642 2601
1724 1267
3058 3231
567 1650
1611 2155
631 226
58 180
643 682
1420 432
3286 2703
390 259
469 697
35 500
1853 1582
502 755
443 443
889 890
1935 1936
822 145
2534 2609
1630 14
909 446
1928 1927
2430 2430
3047 2735
405 2134
537 380
872 213
799 803
640 639
390 668
691 898
13 250
1406 1733
1068 2115
3003 3003
1470 1705
631 988
1047 1679
1542 1422
364 51
1731 1584
383 108
659 660
788 319
51 470
1928 2022
1054 1491
1706 1612
673 762
891 428
301 68
1168 1511
1046 2024
654 240
2805 2805
1005 2860
1667 2460
1842 1139
905 2670
961 635
1120 1606
1759 1486
832 17
3225 2968
2100 2102
2776 2267
1852 1340
3199 3199
2784 2402
2885 2885
2168 1801
2833 2744
1919 1920
547 697
1985 1734
2232 2540
1092 2009
2135 2141
2595 2594
483 525
373 3015
1796 1326
2089 2087
1493 1738
887 262
33 260
2496 2496
731 979
788 89
447 93
1693 1844
953 684
972 3279
2840 2839
86 797
391 382
64 239
390 155
2616 2617
1517 2079
2862 2932
1380 1591
2853 2852
30 1788
2416 2629
847 181
1101 2171
954 737
2669 686
1014 1365
887 697
1481 2139
1148 1687
278 310
263 768
1636 1253
1759 1561
115 671
2212 2474
2278 1198
2121 1299
439 212
276 580
993 605
86 585
780 272
373 374
1727 2097
741 1009
439 444
389 579
2049 1308
905 1234
3052 3053
936 937
24 952
2224 2780
1560 1339
1045 1453
572 549
601 17
712 935
654 202
876 1724
32 686
714 67
1023 1875
2080 1300
2614 2619
1756 1785
272 310
381 713
3021 1529
2710 2761
1356 2061
2740 2213
824 970
2552 2456
996 752
1004 365
1396 1236
848 985
1615 1411
887 2728
1843 1738
2923 95
87 87
856 877
105 180
708 223
765 363
643 271
1528 2970
476 475
635 491
1637 2026
773 706
1003 494
1916 1422
709 707
483 918
2015 2014
2153 1800
847 509
2934 2308
1631 90
1038 1107
663 643
1428 1429
390 929
79 460
1971 1400
184 106
2221 2513
1731 1071
3262 1823
616 7
905 685
265 655
2603 2602
275 54
2169 1529
2351 3013
2917 2301
3106 2428
2808 2354
2920 2920
1386 1758
2579 351
89 546
2525 2446
3095 3096
3173 2251
2130 2129
2502 2377
1363 1759
460 1006
2258 2737
2546 2191
2489 2391
285 697
926 927
263 424
1878 1265
2455 2850
1801 2024
2350 2907
531 532
3195 2746
3151 2219
471 2221
1460 1761
439 332
269 80
1044 1274
986 548
1623 1623
2087 2086
2136 1394
1203 1432
613 611
1524 1934
547 572
1528 1814
295 771
373 262
1174 1404
2739 715
339 813
1103 2103
3241 3242
554 58
67 105
3138 2549
34 366
1045 1704
2847 1807
616 67
298 764
838 383
780 1991
1740 1282
471 504
278 1267
1414 1355
2810 2525
1638 1356
1924 1404
450 896
270 868
2987 2730
9 202
2243 3074
1083 1196
3183 404
1693 1260
3185 402
2953 2956
2050 2006
1944 1945
266 732
88 152
243 617
685 697
1911 1248
1094 1676
291 516
1374 1410
3258 341
2960 2404
1918 2175
2967 2966
2750 2279
2621 2620
699 700
1031 1872
1380 1014
2004 1214
280 917
2658 2658
1420 1770
1549 1624
2508 2215
204 650
3273 2237
3186 2381
2040 2028
1506 1294
2511 3206
1708 1214
1528 2738
396 213
1532 1286
2105 1100
616 2018
47 778
646 1282
1154 1135
1516 1329
3096 3182
1045 1955
1675 1933
1648 1243
390 10
848 509
490 805
546 548
1443 1534
822 412
1013 2024
1348 1965
798 713
1498 130
1043 2165
1816 1727
441 2665
612 965
618 240
849 607
32 697
1005 1586
1373 1152
329 821
2633 2577
1683 1325
2878 3201
753 628
1925 2075
1799 1540
276 901
1029 1248
1368 1355
2226 2341
0 111
1376 762
1423 1980
3212 2208
677 678
488 950
130 182
2375 3213
854 854
737 730
439 414
3174 2728
980 990
1889 1344
1895 1991
699 366
2357 2354
1929 2078
1018 1524
1606 1604
1464 1761
364 525
1418 1306
781 2585
847 595
460 3156
3052 2510
295 535
471 541
862 1968
3228 2624
731 139
2874 3105
390 363
668 802
1114 2058
1059 1014
753 160
291 708
926 253
769 685
1389 1146
1386 1358
492 570
934 680
3240 3222
574 95
1801 1531
926 244
386 240
772 706
877 718
1005 1336
1717 1887
2785 2405
1957 1026
780 2064
1090 1404
477 753
1160 2083
1924 1275
11 945
1731 1985
2329 2329
848 515
1626 1224
263 769
517 673
1206 1604
3108 2517
31 2665
3083 3084
2214 2845
767 473
1030 1244
3261 3263
1599 1950
2832 3200
547 244
695 1301
842 180
688 180
643 239
87 597
300 418
2345 2230
274 735
14 868
304 634
1678 1198
684 216
860 214
946 1238
551 679
1017 1549
471 556
291 336
705 432
2773 2783
209 347
1886 1944
364 470
1392 1608
2702 2647
2554 2255
3022 2780
283 263
488 17
1916 853
295 228
359 358
278 2464
700 619
698 572
429 601
305 236
979 885
2139 1498
34 828
534 732
677 867
22 455
2353 2565
838 108
615 3205
2678 2396
1673 1639
905 1231
616 481
1753 1635
57 1636
1374 1726
79 2677
293 778
2592 3296
32 687
498 239
1752 1949
699 153
2151 1433
1935 1782
22 899
2126 2127
2111 2112
793 793
659 570
121 866
1494 2125
673 711
354 2407
2340 2400
2758 3063
2955 2332
1928 1785
2372 2372
450 560
1488 1872
831 834
1004 481
40 621
58 302
1949 1628
806 2767
641 719
1972 1609
1553 1554
1374 2035
663 20
1516 1342
847 435
763 93
595 594
1343 404
1383 1115
387 649
3020 2533
2696 1867
1916 1572
1137 1964
2245 2310
691 935
3043 2909
739 464
799 707
3151 962
3019 2867
1473 1472
104 140
1727 1514
1386 1384
748 153
748 987
410 570
1416 1249
847 785
1406 1732
1338 1332
564 536
57 1253
390 470
276 581
2049 2075
855 2699
487 271
672 2420
287 675
1080 1195
699 668
639 640
1675 1216
2656 2194
2081 1876
2369 3070
2651 692
1556 1555
364 483
1460 1979
364 382
2669 2463
390 15
179 1650
364 482
2985 2454
1908 1689
916 77
1806 1186
40 480
916 63
1985 1350
390 694
1727 1191
1055 1961
986 642
2891 2253
1779 1523
301 2245
641 157
293 213
2018 1295
991 74
2245 2390
616 1000
1102 1958
926 483
1438 1342
2364 2418
2916 2576
1905 1027
1789 2363
179 267
274 203
1690 1891
2604 2766
734 751
799 640
152 573
2347 2860
905 3040
318 597
2101 2102
390 619
390 697
1512 305
809 807
428 673
0 784
1125 1891
1831 1554
1940 1918
450 710
1999 1281
12 508
608 896
1870 1945
2175 2122
2852 2853
847 996
1787 1789
311 2529
275 106
1083 1390
933 247
506 843
3228 3228
3220 3105
416 137
3306 3302
276 827
1068 235
3107 2699
1592 1593
748 54
275 956
2168 2168
3246 3245
853 753
616 694
79 3162
276 555
2121 1964
3085 2275
2327 3221
1055 1962
638 128
1970 1400
592 235
1822 1130
1834 1837
1832 1833
1500 1236
439 747
2582 2662
37 1267
3021 2166
542 791
1357 1976
1078 1190
51 438
1857 1193
5 97
1615 1042
400 405
1920 1855
2322 3203
230 148
31 646
1749 1235
2711 2532
45 751
2159 2175
291 152
582 200
699 746
509 174
2006 1214
681 248
3141 2673
2335 3247
1530 2008
3140 2371
291 153
1247 1330
390 504
2995 2765
998 67
1470 1980
659 980
3125 2485
316 622
698 904
2562 2563
3048 2290
274 83
372 501
1 153
2188 3300
615 592
788 875
1720 1747
1045 2002
522 105
1767 1099
2142 2143
3089 2712
364 550
1444 1439
2500 2500
77 813
483 702
0 545
2005 1332
937 877
2593 62
2317 2457
3099 3098
1064 1811
265 107
422 48
1971 1398
1446 1377
1578 1530
805 746
738 2665
2934 3270
338 581
276 902
3254 2297
1470 2002
1959 1958
1312 1019
2042 1283
20 6
173 384
566 152
3057 3033
1078 1600
30 1203
3202 3203
846 604
666 667
3179 3179
847 761
2519 2254
2190 3145
12 777
822 125
782 754
1460 1781
661 852
2281 2198
285 445
1634 1100
1503 1285
2594 2325
3131 3130
1420 2260
561 669
2781 2392
442 106
330 137
422 153
538 673
272 103
407 812
780 88
3294 2495
623 623
297 127
44 632
2955 2958
772 355
2514 2599
2202 3162
1046 1521
441 2765
1851 1633
2003 1487
697 224
447 921
1755 1835
3236 2480
873 576
1011 2029
1731 1657
681 219
767 467
521 701
584 240
862 1212
424 426
1500 1070
596 160
2657 1302
2955 2251
2816 2383
354 2770
1678 1281
1799 2044
1838 1836
928 651
1080 1583
698 571
525 590
2014 2015
637 552
589 134
373 2463
886 1010
2049 1703
842 842
836 837
3164 2340
3207 2257
1138 2168
471 262
1372 1904
1005 481
1905 1360
175 479
57 1682
1996 1179
178 236
1689 2176
2937 2659
1634 2139
3212 3216
1948 1825
329 63
932 240
2955 2948
612 964
2285 2616
450 451
230 621
363 363
1690 1814
305 228
1203 1964
31 2812
3031 2432
1918 2148
795 1794
2487 3185
1423 1845
2462 2908
1916 1705
40 148
882 779
2679 2679
616 575
598 336
297 541
1431 2193
2794 2795
2535 2534
1640 1810
1634 26
344 2570
1406 1923
1636 1682
3235 2214
1615 1037
385 202
447 535
413 2466
737 729
1634 2257
218 2638
631 492
1788 1239
439 483
2591 2697
2324 2324
3286 2437
1691 1815
1236 774
416 146
439 355
1081 1141
1406 1584
441 880
390 880
184 1249
1366 2043
1674 1482
1764 1811
1646 1131
108 1494
414 58
275 987
2105 1579
352 2583
4 588
917 150
792 859
401 402
659 1003
2989 2988
390 773
1716 1717
1206 1210
2955 1813
1497 1497
285 94
2684 2682
961 1488
905 3041
3240 2883
1492 1157
1421 1933
1717 1716
390 706
769 687
2183 845
390 167
45 733
677 1394
916 400
872 778
31 2774
1626 1772
1989 1241
22 118
3119 2756
916 661
3050 3049
3103 3274
1848 1205
682 210
631 495
643 808
433 915
390 812
539 86
1090 1608
1701 325
483 597
1436 1434
1795 1164
2630 2321
942 730
1150 1262
3030 3030
2896 2897
1863 1489
1633 645
1012 2181
3298 2743
795 2382
1519 1216
3253 3252
1524 1254
3016 3017
1678 1469
1273 1339
659 722
1385 1385
39 1010
1866 1141
795 91
2494 1469
989 990
1731 1736
1537 1394
1013 1427
847 409
3227 2346
486 485
217 724
1086 1480
1383 1649
2264 2223
1924 1911
2742 2880
3183 401
848 980
1634 1828
595 593
1382 1889
218 732
390 151
1047 1636
659 211
1101 2133
745 516
23 309
3133 2413
1500 1163
1004 516
2518 2846
495 139
1941 1030
3286 2721
1599 1600
439 438
1722 2068
1460 1218
1732 1657
986 980
1670 1671
3125 2534
2285 2285
57 1981
1731 1359
392 914
2088 1372
2983 2986
1678 2073
1165 1788
1150 1659
2809 3129
2205 2900
2339 974
1860 1132
610 135
1145 1139
1475 2036
691 499
956 1894
178 228
977 355
2996 2997
691 250
2985 2984
682 91
2011 2012
1864 1552
670 205
65 152
1549 1549
3161 2295
350 515
1781 1774
717 180
888 357
1032 2117
1056 1161
553 1921
814 808
31 779
1264 1284
659 1009
3209 2393
1731 1658
1469 686
822 473
685 845
28 987
698 303
2799 3128
284 1513
422 586
179 297
1461 2005
1753 1949
2866 3181
1896 1393
699 669
2613 2605
747 910
3202 2540
2436 2436
517 310
2185 2539
780 2149
1021 1176
390 455
862 1937
865 1933
656 166
416 499
1860 1668
1359 1583
1766 1282
2202 779
3288 3287
1379 1074
291 927
3051 3052
2711 2667
608 706
1762 1911
3232 3233
1220 1169
524 971
981 982
1101 1118
243 126
2875 2914
1731 1735
940 394
2863 2864
404 403
901 902
1193 2112
2137 2147
1839 1325
1446 1361
1368 1476
3186 2961
624 625
566 771
772 516
887 686
390 597
1657 1359
2455 861
1686 1559
2733 2746
326 1701
32 665
998 998
37 1724
1116 1893
987 176
29 793
338 107
1047 1776
887 1998
2236 2193
1532 1302
1633 774
505 562
1728 1085
1574 1280
2749 3264
3291 2318
689 573
123 668
1464 1184
2812 2539
2872 2384
1004 1597
2189 2634
69 516
1046 1891
2593 3166
583 158
2106 1751
1637 1638
1397 2093
1175 1385
266 88
691 690
2686 686
88 154
2982 2707
404 405
34 697
1918 2023
291 462
541 507
1938 1019
1577 1087
1037 1042
887 779
2953 2950
876 2400
2109 2110
604 59
291 106
1772 2009
695 1960
1878 2072
1944 1178
551 680
661 603
429 1721
3297 2685
3188 2247
2784 3031
847 542
1079 1227
2558 3022
2745 2665
2923 2692
1930 1487
1542 1980
685 322
2754 2755
679 680
643 64
364 302
295 475
739 738
799 701
1915 1790
390 103
11 387
1691 1992
1058 2024
1630 1747
437 438
782 162
2839 2840
1517 1162
830 176
2738 2408
880 774
615 1509
1492 56
3029 3029
1143 2103
276 107
2745 122
1376 1802
799 391
429 1409
338 888
681 2461
2068 1345
2836 2358
554 469
1168 2106
2521 2557
1691 1993
999 714
847 730
1038 1769
370 1337
439 58
1011 2028
737 736
2921 2922
2733 2349
506 171
2233 2698
678 379
3033 2540
1705 1617
1637 1181
1522 1323
1423 1285
1153 1342
2553 2402
2360 2839
3156 3159
276 655
67 176
613 955
108 383
1206 1606
1929 1698
286 545
753 811
291 445
982 622
291 926
814 816
814 121
1120 1210
471 285
2801 2800
1594 1592
1912 1150
1406 1737
1374 1062
574 572
969 1707
2981 2452
553 2728
1637 1977
838 201
2312 3149
539 460
34 1587
700 366
2186 3139
1457 1232
847 40
2118 2024
1045 1705
863 865
1423 1542
1230 1191
698 574
183 605
814 136
1406 1364
149 326
2537 2537
1704 1285
987 180
564 975
2007 1034
1857 1966
699 999
3100 3101
3008 3009
364 365
3262 1651
184 54
1278 2020
1706 1258
1886 1097
3150 3146
2716 2717
1439 1440
2184 2356
1391 1582
396 778
2375 2269
897 557
793 740
1015 2093
149 149
1876 687
780 1239
992 725
1509 1639
160 854
1878 1096
2098 1276
751 752
1978 1449
390 899
104 131
396 397
2246 3034
616 1714
932 654
531 188
993 3085
78 732
1015 1236
2025 1235
2695 2212
1743 1019
916 329
2619 2618
85 619
2593 2199
2340 725
657 935
183 185
1902 1302
390 462
993 1721
2644 2645
1638 1637
1158 1214
390 701
1649 1650
419 360
3124 2260
1222 1807
1644 1719
434 387
847 484
325 326
2841 2842
1107 1404
3167 2334
2753 2418
3031 2402
1107 1200
698 85
631 979
2559 3120
291 67
331 66
37 828
514 383
644 611
420 233
2378 2683
338 902
22 335
272 887
1509 326
847 526
1794 1487
986 750
69 356
956 633
753 195
2654 2166
349 575
1349 2031
265 888
291 356
2146 2162
373 251
714 153
3016 2238
278 828
2509 2638
0 724
1831 1336
390 507
522 619
1583 1189
748 1000
1014 1059
1446 1447
714 956
2049 2048
643 814
554 422
2002 1452
749 634
1906 3123
441 1236
1386 1566
2929 2867
1737 1314
2586 2584
25 357
1568 592
55 3279
780 1650
809 808
699 106
510 566
1406 1736
2256 2256
60 443
505 732
1906 2826
1701 150
430 732
1866 2167
3043 185
290 260
390 799
2721 2629
704 239
2149 1921
429 1710
1223 2099
766 668
1913 2143
3178 2428
456 147
547 259
401 400
1662 1326
2547 2893
1970 1398
31 1357
2898 2362
2081 665
1349 2124
876 732
1743 2394
390 58
544 286
439 871
1586 1587
1678 1999
3051 2510
631 620
1847 1790
699 34
2831 2307
2868 2466
1102 1673
2580 2770
699 22
3146 3295
2110 2005
1068 1515
1519 1303
179 646
773 451
3172 3304
616 571
2607 2608
514 323
3152 3152
354 2259
1861 1266
457 458
631 1009
2902 2541
5 603
364 481
1040 1076
1523 1167
1554 1553
1226 592
1467 1467
3051 3054
756 389
1079 1651
1371 2140
296 25
488 367
2540 2469
1926 1344
2019 1400
2804 2524
1599 2074
364 804
986 943
608 413
58 697
115 569
31 1282
29 818
588 952
661 328
2064 2065
29 740
787 722
1005 920
298 1010
0 514
51 481
462 828
678 1984
24 406
1500 2024
678 1747
3285 2365
3107 2840
748 998
3067 3066
2206 2675
876 725
2587 2587
364 234
445 94
311 2530
390 233
2719 2718
3110 2555
2006 1258
218 1489
439 516
102 267
946 706
2678 2382
837 835
2242 2665
1972 1968
1633 1801
370 135
390 658
1541 1540
2643 2645
372 502
2925 2925
1373 1373
1731 1080
2625 2626
1690 1528
2014 1759
86 460
404 401
522 54
847 529
772 746
3289 3248
1667 3028
338 827
502 501
1883 1885
439 525
1646 1320
2278 686
863 857
862 534
445 194
454 817
1850 1937
271 690
768 665
804 746
1011 1034
1379 1462
2082 2082
769 1231
1806 1805
1998 1281
1411 1679
1006 779
437 516
1755 1837
1368 1414
865 1216
1183 1836
373 94
862 1850
2528 2342
1017 1264
1242 1236
1366 1727
922 896
2259 2427
1818 1210
390 156
2811 2226
2824 2977
1733 1744
2655 2690
700 697
2375 3214
389 584
624 621
1859 3274
1556 1647
285 896
2894 3048
1967 1013
28 153
814 786
373 3014
522 106
2050 853
659 986
483 253
591 978
999 987
1580 2873
2196 3279
1782 1576
2658 2447
1787 1654
3189 2366
1634 2244
1307 2036
1759 1947
2624 2456
2039 2038
2211 2326
758 758
2720 3015
2002 1955
3293 2624
892 703
2352 2479
1731 1680
881 0
1468 1467
1101 2170
441 2168
329 948
24 392
674 72
2568 2757
834 964
266 2081
477 346
1401 1109
390 906
99 952
616 3236
1678 686
842 896
903 685
986 959
1787 1780
309 161
422 633
2877 2561
566 770
1589 1590
3046 3201
275 619
2696 2578
438 251
410 116
1475 1679
1178 1871
615 217
2179 2200
1084 2158
1590 1128
688 841
183 2207
1041 2036
439 804
2263 2959
2235 2992
1107 1425
860 861
844 0
1292 1953
2261 2356
1710 305
577 965
383 514
1731 1364
1908 2176
1435 1436
263 840
2126 2062
542 145
616 549
654 860
2214 976
3035 3034
855 432
460 263
390 414
905 768
1661 1098
763 427
0 474
2883 2421
701 668
809 136
2709 2681
2941 2389
2202 2460
390 576
3125 2390
855 2282
1067 1236
2434 2767
1736 1583
2835 2370
3035 2246
201 383
2809 2734
2248 2746
297 797
1520 1233
1206 1256
352 354
3119 2336
1804 1699
2926 3249
0 954
2183 2677
1751 2106
847 527
847 980
1131 1885
662 877
2663 2664
78 534
1634 1893
769 538
32 592
439 94
218 725
876 992
1690 1122
2050 1332
2324 3074
1079 1823
980 160
1031 1487
275 1249
2050 2033
0 99
184 539
1448 1602
2828 3219
291 216
471 272
2049 1252
940 938
272 827
643 313
390 481
1416 1144
522 697
56 3291
1877 1575
847 729
2877 2319
1158 1461
1042 1037
1209 1748
2689 2687
3051 2270
2395 3181
933 970
3146 3150
1756 1784
1878 1465
2607 2606
2014 1033
2222 2567
616 998
1080 1189
2894 2266
846 287
1461 1648
1450 2119
2878 3046
2105 311
1851 1801
56 1824
471 780
1444 1440
1153 1329
1437 1388
37 444
1896 1176
1820 1669
2606 2607
514 868
2778 2724
2955 2952
488 834
364 910
1254 1721
1646 1262
2151 1432
661 674
704 563
297 122
919 1010
696 614
31 3028
760 193
2053 1273
364 918
2711 2465
266 297
86 769
2217 3037
848 109
2148 2150
748 999
477 369
1772 2092
421 1262
753 559
1657 1735
2878 2319
674 76
1058 1236
2962 2962
218 2104
1539 1207
2832 2295
556 462
1967 1967
395 397
1637 1318
2979 2599
97 63
729 730
1387 1073
2512 2182
747 504
791 188
616 572
21 680
279 2969
1148 1551
3308 3309
3193 2294
1528 2765
422 469
3167 2444
1564 1565
2912 2453
2306 2306
22 668
855 1675
384 514
2174 1385
979 980
2598 2548
1083 1439
631 995
88 1999
483 259
643 121
505 172
699 98
924 222
698 456
650 957
2884 2884
646 549
389 636
2177 2903
34 180
659 208
388 579
459 697
2520 3024
2865 946
925 431
2135 1053
1980 2033
390 744
3190 3116
3257 2414
2050 2032
1386 1757
294 588
1919 1873
739 235
2000 1845
2713 2653
769 796
734 733
372 655
364 244
495 75
772 804
71 190
1120 1256
1918 2159
2080 1333
699 156
2169 2166
2540 3033
1125 1286
2829 2933
1121 2113
1454 1273
422 714
757 758
1461 1243
374 444
927 456
323 133
691 519
625 229
31 732
1710 1513
2202 828
2977 2824
589 140
2837 2882
553 2791
3080 3079
745 356
390 51
79 1019
144 453
416 879
847 394
1079 1245
759 193
1014 1378
2348 2548
847 816
2682 2682
2049 2175
581 580
589 129
900 810
1918 1739
293 169
390 85
1483 1310
748 714
731 907
3039 3073
505 69
1717 1717
1307 2037
2205 2899
2232 3033
1500 1499
999 106
2250 2904
847 187
390 147
822 810
1560 1668
3107 2441
575 549
615 350
2325 2594
1850 1212
523 182
584 386
2252 3310
2654 1529
1509 325
1363 1946
3280 2330
290 163
887 687
326 350
25 69
643 994
799 332
902 555
2166 1170
704 752
1873 1663
3080 2665
2932 2862
117 117
1357 2774
1406 1941
146 907
2365 3285
2076 1245
1421 1765
868 632
1226 235
326 591
2881 3135
1942 1050
390 700
1479 1086
1474 2065
124 881
1815 1992
450 449
2600 3109
1353 1965
1050 1168
1725 1545
2494 1198
1001 7
2298 3023
504 159
1101 1441
86 1006
587 808
2486 2583
2805 3112
663 657
2658 1532
2969 2292
2985 2986
390 456
24 127
1005 1197
1343 1881
2732 2526
2139 1828
364 745
979 242
1970 1399
799 639
2195 2209
522 469
2627 3018
37 182
372 888
184 694
661 97
2201 2201
1966 2112
86 461
2219 2391
643 38
1176 1897
631 411
439 244
31 1740
1976 1999
201 1494
847 186
27 393
2559 246
699 155
1533 1687
847 826
184 3252
2448 2563
1622 1275
635 870
461 69
3195 2349
2422 2371
647 898
838 173
439 697
2006 1422
483 708
488 42
1483 2116
1068 1209
2302 2284
183 3117
2049 2049
487 950
3028 779
1463 1590
637 327
329 114
1066 1963
714 106
659 241
794 240
2081 2161
278 1724
996 994
1709 2072
1852 1295
847 583
281 861
375 630
2501 2861
1004 2316
418 146
1638 2013
2067 2067
406 789
2658 1531
3149 3146
660 875
648 2181
1116 2139
1031 1488
1842 1738
1141 1248
3043 2980
647 197
816 866
1151 1301
1470 1453
707 708
591 217
2694 2505
553 2161
2983 2984
661 908
1160 1369
3265 3000
2046 1133
295 732
1857 1859
2306 2356
1918 1917
1997 1996
6 682
1701 149
1019 609
2206 3099
1090 1174
2048 1777
905 2686
390 200
564 132
1980 2032
3090 3196
2008 1341
3244 2667
483 154
1015 1439
1730 1142
999 998
1150 1294
1770 1298
745 910
1994 1214
1858 3013
919 764
3207 3207
3147 3150
609 462
932 869
471 566
441 1531
2762 2204
2571 2570
447 800
3229 3230
691 1009
867 1747
1059 1365
1348 1353
469 633
682 239
348 630
1070 1236
2257 3021
1037 1309
1727 1811
263 566
878 269
1702 1703
932 202
439 597
1297 1013
847 712
1312 1493
2957 1813
3022 2224
2259 2744
1528 1478
756 334
3198 3199
3270 2308
441 2447
1690 1478
1511 2134
1562 1321
218 3303
769 2686
1892 1274
1055 1963
488 489
729 1009
51 355
767 494
2080 1704
1456 1232
172 1168
2930 2471
1967 1725
905 2669
3208 2791
3067 3065
419 281
2426 2756
1573 1287
2245 2483
1657 1584
851 2336
822 418
3007 2272
627 823
1013 1417
1168 873
554 1642
445 444
940 939
390 804
612 955
1382 1344
460 3159
999 28
488 964
104 134
916 274
495 208
337 287
2517 2367
2550 3004
1151 1960
1902 1286
1586 1336
2975 3118
1293 1930
2591 2698
2603 2809
572 573
439 167
274 63
1803 1222
1799 1807
2886 2888
2946 2789
2996 2331
561 655
1035 1491
390 231
496 142
850 313
2136 1747
2362 614
281 418
296 69
2231 2231
1416 2157
3134 3133
2790 2461
1509 324
1024 1527
1975 1973
2688 2689
297 1232
308 1986
471 338
1236 2024
354 353
35 92
1972 1091
699 619
326 917
556 2266
1848 1849
1680 1378
2229 2597
365 2446
659 495
2368 2368
573 829
1517 1331
2105 1723
273 432
353 421
2052 2072
1737 1736
1 732
661 877
178 232
502 1007
441 645
1634 1634
1975 1156
2050 1542
2004 1571
2278 3040
1819 2048
1809 1974
1683 1324
1253 1253
517 525
2651 2994
986 875
1150 1236
646 2149
2805 2807
1667 2328
822 472
643 136
2 962
276 888
736 320
1473 1570
293 397
1496 1020
780 1788
661 36
279 2292
1219 1236
616 748
2022 1784
1380 1059
814 35
1812 1173
1168 1544
1223 1713
643 866
3143 2964
2680 2680
2759 2610
150 326
814 884
1699 1334
374 445
390 746
3175 3074
469 586
963 2129
2034 1776
203 239
1870 1178
763 374
3027 3026
88 779
2736 2476
1744 1014
714 1000
290 252
847 814
2019 1398
31 882
568 158
390 391
1760 1854
3150 3149
3292 3292
1985 1584
2235 2235
2246 2246
3095 3097
1001 762
1850 1999
1895 779
1903 1624
612 583
1745 1269
230 480
927 147
2049 2032
3046 638
461 25
780 1203
1584 1314
1879 2012
2684 2683
439 918
1223 1712
3197 3197
348 170
1857 577
506 394
264 815
25 683
661 203
390 106
3165 2437
9 820
804 911
1920 1111
1792 1794
1106 1339
3010 3011
2784 2432
1206 1818
699 54
1128 1588
230 625
287 170
905 732
917 325
2066 1788
571 234
31 297
698 805
780 1921
1543 2460
1077 1527
1343 1412
263 311
2552 2478
332 2342
390 1000
1812 1813
2688 2687
3041 2415
360 361
822 879
3 634
441 774
699 1000
439 680
439 481
60 586
2212 2423
1516 2470
615 3217
1033 1759
685 592
2569 2729
3151 3146
2545 3274
108 2125
699 748
2785 2553
381 119
1729 1717
1004 1336
472 145
2623 2792
1414 1415
390 303
0 783
478 868
3124 2646
390 94
1063 1229
218 1247
390 355
1787 1254
2636 2635
2984 2454
2049 1151
2004 1461
61 944
616 51
1063 1707
2040 2029
596 496
262 541
1667 3153
1443 1535
2339 2596
1985 1071
1478 1440
556 257
1893 1894
999 956
417 453
887 1281
2611 2612
378 2339
2063 1048
1918 1853
853 3296
471 1383
230 146
130 1498
739 592
1577 1494
759 720
847 138
3228 2037
1473 1304
792 29
1776 1174
2515 3133
554 1000
495 743
1770 2123
184 586
2618 2617
772 911
53 161
1657 1737
3169 3015
745 804
1136 1494
276 463
9 559
994 752
372 69
793 818
1500 1089
691 651
397 213
416 198
471 697
2494 686
273 433
3170 2869
429 305
709 708
3124 2337
1754 1641
857 345
282 631
1946 1759
566 802
1478 1439
847 519
3153 2460
963 212
1047 1442
510 504
944 258
373 445
631 403
266 905
1202 1841
2786 2386
390 680
2652 2271
847 191
663 6
862 862
705 1420
2034 1981
1437 1982
938 506
747 804
1730 1192
392 592
79 37
179 779
202 255
364 259
2887 2886
773 356
938 939
447 256
847 775
96 913
3042 2539
2798 3243
891 924
302 804
266 685
3240 2435
2278 1469
88 2073
522 1374
2161 1921
272 262
1841 1183
173 108
547 573
1768 1767
1631 1129
2741 2411
30 1282
663 831
747 911
625 623
2084 2104
290 784
378 2596
926 918
2288 2311
943 944
1989 1514
1793 1777
1046 1302
1405 1445
1456 1588
1175 2173
2768 2315
1060 1123
432 433
1406 1822
1737 1359
1043 1138
2930 2980
1481 1144
3087 3109
2586 2585
1390 1148
502 107
410 975
1 1937
1661 1362
2591 821
2948 1173
817 171
2616 2618
1509 150
447 967
574 697
623 621
2594 2595
390 727
1470 1955
1457 1550
86 262
2228 3299
488 488
677 1747
2080 1926
3144 2283
783 290
378 1633
285 159
2553 2405
2530 2529
3290 2444
410 316
2788 2787
113 382
64 91
1416 1231
2844 2227
788 935
1121 1674
2156 1072
1903 2033
2794 2289
64 569
1088 1236
1645 1488
184 1000
3147 3149
1599 1613
646 2064
401 405
1538 1248
753 579
2704 2602
2646 2282
1515 1748
620 621
643 641
999 105
960 2415
2296 2763
2265 2204
2261 2306
1416 1234
1273 1668
0 433
439 259
1125 1250
3172 2403
1352 1207
714 987
1612 1263
1990 762
1595 1596
354 2585
2080 1954
657 656
3290 3168
763 805
2507 3074
263 685
959 959
1409 1745
2501 3180
1406 1359
482 481
1046 1532
2935 2180
413 2868
2171 2172
2686 1714
2805 3113
265 567
1606 1105
2573 2965
264 723
1884 1885
893 703
1870 1337
1220 1387
1977 1974
698 575
629 629
230 177
429 1408
70 750
2928 2822
1174 1425
1865 1271
998 105
1479 1661
520 170
2203 2911
2969 1897
1446 1448
1695 1690
302 746
1056 1056
505 30
1787 1288
416 351
704 751
848 983
1406 1080
51 597
905 802
2376 2965
1202 1183
3121 3122
390 673
2455 2851
3061 3060
2708 2825
606 199
1543 828
2375 3216
110 584
1716 1082
1388 1983
471 31
1226 1322
1775 1776
865 1240
2753 2387
1706 1243
354 2580
1931 2420
2220 2220
1043 1828
2973 2973
908 852
440 10
2996 2544
1918 2114
547 590
1509 327
598 151
745 746
0 915
747 481
1791 1476
3275 2410
2668 2669
2963 2834
2923 2924
2274 3127
2183 3156
2931 2492
1106 1132
664 502
631 750
2006 2112
577 3209
296 655
3028 828
323 514
2332 1173
390 523
2843 626
1891 1439
2937 2938
1066 1171
2747 2748
1979 1514
1501 1502
716 2381
1689 1830
390 802
396 293
2700 3231
2843 2276
2572 3192
2711 2813
876 2638
643 314
901 555
390 910
598 599
2107 2108
846 850
2494 3040
3020 2531
1772 1217
2052 1490
1927 1785
1935 1576
1710 1172
1634 2165
362 971
805 804
3185 2864
29 859
1988 1987
179 1991
2282 1518
714 28
748 48
659 330
862 1969
2892 2300
1197 1587
2955 2954
390 54
716 135
1655 1422
230 411
817 1002
966 186
855 704
800 93
1681 1409
589 131
6 64
619 220
79 828
1804 1334
1017 591
608 578
1351 1893
3210 2970
390 708
1220 1199
3030 2304
1850 1281
1474 1921
1543 2293
390 176
245 1009
643 893
847 18
291 746
416 418
2894 556
1061 1943
1646 1321
390 445
2055 2056
616 714
2603 2271
1657 1583
3029 2277
488 833
788 546
172 56
544 545
288 917
2213 2244
681 231
1708 818
1456 1235
2438 2465
608 597
2010 2012
302 438
1618 1452
410 174
2207 2632
799 708
1657 1189
51 516
291 482
291 167
390 253
1168 2096
693 401
1509 149
2404 2960
390 573
2213 3258
2821 2268
905 3191
2314 3282
1388 1982
2361 130
1310 1610
917 149
2316 2406
810 246
846 170
2371 377
1857 1126
1695 1100
1093 2026
416 142
972 971
1460 1464
968 727
661 726
574 549
616 999
1047 1127
1005 51
1075 1169
422 105
263 26
354 351
748 106
678 867
1589 1128
279 3005
89 548
3226 3227
1910 1911
24 685
2105 3044
986 84
179 573
661 948
1549 978
280 350
1989 2149
1545 80
2003 2002
1066 1961
2049 2033
268 668
1838 1834
1542 1215
846 848
745 438
2658 2657
2006 1571
364 706
816 121
2895 653
660 40
488 955
164 952
2049 2050
2049 1845
847 49
67 54
3240 2443
305 232
2491 2223
1696 1697
1000 1000
1760 1953
831 886
954 379
2541 2944
2705 2864
1991 1921
781 858
1383 1272
876 3303
748 67
2212 3132
1186 1648
1977 2026
2878 3278
660 986
2657 2447
739 588
2033 2032
799 390
2579 2407
1560 1818
2022 1927
891 2728
685 665
2684 2378
1029 1109
1705 1704
1901 1300
822 281
2522 3223
390 154
447 744
167 639
1390 1688
2590 2178
2593 3187
2169 1170
3202 2468
986 995
2706 2445
1735 1737
3071 2269
699 701
1373 1083
505 78
3259 2477
3052 2234
629 350
1568 1226
1709 1490
1509 1262
3084 3081
1038 1636
3045 3038
32 845
2726 2557
3068 3069
1368 1415
2490 2578
847 43
619 920
748 105
184 999
2328 3153
1776 1404
3043 2641
2784 2553
3277 2771
1667 828
2550 3005
601 834
847 81
2499 2191
1504 1932
1076 1078
1255 1255
847 506
2467 2470
1090 1107
51 356
364 462
2052 1590
1424 1628
1045 1954
1411 1225
3075 2449
2574 3217
847 983
1159 1287
616 668
30 2149
1380 1378
410 411
245 722
1524 1168
2534 2473
1725 2024
381 684
372 194
780 1895
462 167
390 98
676 2985
2589 2589
1615 1614
2942 2915
150 149
747 516
3114 2239
266 65
423 952
1510 1700
289 732
477 951
1859 404
1037 1679
753 695
9 158
40 411
1776 1107
1533 710
3091 3091
916 595
1545 1427
1094 1317
441 1801
1997 1179
2052 1463
953 415
3169 3014
531 810
2135 1680
1860 1236
2847 2848
3002 2527
828 1326
506 939
1178 1178
291 590
1022 1907
390 212
2733 3195
698 701
631 70
275 469
1243 1505
2711 2438
3036 2501
439 668
86 26
1019 2064
661 191
1870 1944
631 980
1888 1887
279 358
3215 2287
3244 2438
1227 2792
1634 1138
629 630
628 1243
375 515
1744 1059
387 434
780 732
320 1009
1851 2995
2976 2399
629 515
2817 2472
2991 2991
263 796
3167 3168
1898 1899
1759 1946
1786 1784
643 807
933 202
1866 1246
1408 1715
2682 2683
673 802
916 617
2813 2438
2987 530
547 159
2256 2871
905 697
737 320
615 288
2731 2337
905 1969
97 36
486 138
1120 1818
2022 2022
3273 446
354 2586
916 36
769 1234
1707 1229
1919 1721
487 42
1928 1790
1479 1480
1203 2151
28 633
40 177
390 22
2725 2725
472 142
665 727
3085 2210
1150 1508
303 841
12 1741
1557 1558
1413 1216
1864 1095
1183 1837
488 487
364 355
303 180
727 728
1374 1061
218 65
25 888
1414 1368
283 311
973 196
3044 2216
1979 1978
1594 1593
1008 455
0 80
1626 2009
3228 2456
2686 2385
1005 680
668 251
429 284
814 723
104 129
1646 1885
1477 1909
2837 2838
338 580
782 2639
1528 1723
460 154
505 56
1081 1950
3037 1829
295 232
295 236
2595 2325
1710 1512
1896 1607
1609 1842
1000 956
1066 1962
57 1536
822 360
1550 1235
1147 1874
272 516
390 244
179 438
1387 1169
1708 2753
2551 2551
1421 1216
2560 2581
637 324
1113 1395
748 28
2739 2707
2034 1289
2083 1369
2388 2388
403 405
503 634
866 121
2558 2780
905 673
847 788
1482 1482
2080 1705
948 328
851 2756
2955 2503
1352 1539
691 134
847 59
493 907
1150 1506
1242 2118
390 336
2822 2822
1820 1617
2780 2870
2802 3092
1680 1194
2983 2454
699 842
3064 2637
313 315
1521 3255
325 149
495 667
1416 1284
1038 1536
897 3093
1049 1049
654 214
1015 1440
3108 2516
691 511
855 733
1675 1240
1374 1177
1794 1793
874 2429
2160 1968
2785 2402
851 543
1892 1296
979 493
522 1464
3012 2418
986 226
2947 2876
1004 7
1937 1212
2955 2760
1492 1492
179 1282
699 105
1185 1945
355 356
1660 1661
2777 3088
979 750
323 513
1395 1313
1769 1174
57 1769
1458 1850
1636 1289
1406 1658
1906 2048
1013 1545
2936 2869
390 254
1601 1569
1046 1902
1160 1160
2974 3077
926 259
2049 1846
848 816
349 574
1664 779
184 422
972 55
547 253
646 1895
866 569
2055 2054
1291 1344
1460 1374
386 202
1810 1315
276 69
2855 199
488 569
2322 2605
2155 1611
390 557
1620 2138
1980 1285
3020 936
2119 1536
847 966
354 2579
1657 1736
2820 2889
1628 206
2060 1201
2130 963
387 202
537 655
1808 1808
79 1724
1383 1956
389 973
373 444
1619 1188
1632 1801
28 54
390 698
1420 2699
3168 2444
1108 1676
390 669
390 525
280 324
998 54
847 520
390 382
1771 1770
291 683
461 888
2584 2586
714 999
2538 2309
2085 2087
1850 1951
986 495
961 0
745 251
2091 2064
3028 2460
2797 2249
338 69
2420 2437
768 728
1000 998
