996 480
856 953
1385 1340
1000 944
857 1130
2068 364
1883 1197
386 2161
2170 1555
32 218
333 13
358 1041
1563 478
1963 2124
2146 579
372 0
145 211
24 1374
1550 485
1915 1927
1663 617
1508 384
1202 1071
83 2256
2256 83
824 1579
1998 1686
1850 102
1756 1761
1352 1632
33 474
579 533
8 647
468 565
1505 536
1558 234
949 1227
996 1042
954 825
338 1776
1518 1540
1635 919
1803 63
655 632
467 465
2138 581
644 644
1353 976
698 1388
1726 473
1301 1299
524 984
34 484
849 848
1950 1749
1910 2191
75 212
550 406
697 364
844 1995
138 250
1609 2070
1463 862
1251 1083
840 996
2072 772
1926 936
2182 934
996 2002
484 476
1723 1779
1556 707
1864 790
1158 684
796 1202
78 634
1415 1177
1319 1352
1619 1632
507 563
27 932
1309 492
1203 1282
1981 367
750 251
1398 1970
1635 1583
1832 1634
471 1979
852 485
786 212
1757 1755
1011 626
1033 1412
87 476
567 567
1157 1156
1417 1106
550 829
159 494
1977 1132
522 626
763 248
1909 446
498 1004
679 1240
334 106
1156 537
635 1649
365 369
1216 591
1276 1276
645 1472
421 416
2192 1525
550 54
2105 2006
87 400
992 480
246 1883
30 471
1697 465
219 13
539 2085
1989 1752
969 1123
2220 1044
1180 719
180 2013
1121 1302
1305 123
1509 474
665 1123
376 352
278 801
894 830
1131 853
1874 1894
1534 1849
152 512
926 1479
568 1879
1823 1813
48 1240
2054 363
1280 486
1784 392
307 1860
2146 2251
549 634
1672 1949
689 902
1999 729
131 634
750 1040
1767 631
1240 54
103 1640
432 1584
2090 464
794 616
417 1345
18 537
739 485
1972 933
486 179
1757 1761
732 16
502 365
1002 2090
347 1374
740 844
2093 250
997 423
2066 208
2214 2047
2053 2229
1601 1997
2172 2001
404 179
1556 485
645 1893
1011 315
2183 1955
1713 565
996 1132
119 192
1697 2032
641 413
2158 395
1785 2137
2063 1799
286 1853
1257 565
1949 54
2041 2120
1520 57
1944 1944
492 1276
1104 616
51 465
21 2234
2096 1962
1552 1654
564 476
436 2051
1085 367
1178 565
2114 2113
1256 1079
1882 1828
250 250
1136 1136
955 1044
1445 359
693 491
1633 367
227 18
1873 423
1804 1798
1826 925
486 280
758 513
63 2045
1909 2185
155 403
1255 677
1006 1264
2047 1407
2126 1632
750 367
1575 250
794 854
1215 1149
1506 1511
996 59
839 1288
1954 2068
1696 1467
786 1283
667 1089
592 477
1192 476
762 1270
1398 2196
2172 1634
1129 378
4 736
469 517
1550 1539
685 1469
478 1315
466 2078
1601 1464
752 763
1240 1441
34 465
567 364
598 167
1688 1450
428 1088
982 1007
478 465
1156 2234
1980 224
1402 134
446 904
1237 1136
1338 1339
1832 2241
800 1288
1900 2241
832 725
1936 1542
48 465
492 1310
660 93
1520 1578
876 2275
691 744
1846 1450
1215 480
535 524
2149 2179
706 706
2166 2166
284 53
541 465
496 310
862 480
1969 477
241 492
2139 2168
704 748
1520 476
2080 1044
1752 1861
561 1897
1345 2013
1969 70
2009 2241
1626 1945
216 652
756 1044
216 59
1784 1783
1469 134
1405 60
1369 349
1716 1882
331 284
1569 1719
2027 105
1227 988
208 1064
1232 1462
358 480
1859 1862
1602 2113
1085 193
2103 115
1240 477
1127 950
15 124
1520 3
1357 930
1283 731
267 438
1586 1595
2191 1123
1765 1553
1519 1730
619 619
924 1123
832 271
1801 1585
860 742
842 565
608 375
2262 85
862 389
261 623
1975 2175
1500 2055
360 360
1017 1023
1459 698
18 286
1027 1376
362 72
656 476
133 199
1011 274
1514 1534
505 513
1355 1853
561 2007
113 934
1915 1573
584 2239
1766 2197
59 392
1098 604
1128 1132
1578 476
1662 1062
1868 1892
1124 1435
919 1104
1537 1210
367 217
1938 1077
906 241
1393 1393
1915 1811
981 1085
1133 364
1594 1364
574 1952
1635 820
2172 2120
1949 250
1028 944
1690 2071
1969 465
746 1756
1035 2192
271 363
906 2005
161 1374
401 250
1227 947
606 513
724 941
1084 364
1107 1281
551 1351
1769 1213
1624 280
1168 476
1549 1553
2019 64
901 1181
2192 787
1559 86
1790 984
1037 2192
888 332
1709 1709
381 271
3 2108
1001 554
2251 1030
1453 2237
1766 2203
2006 491
117 1467
1672 476
625 634
177 144
1386 1472
1037 1036
855 63
1404 937
1420 1151
1974 2011
416 465
2249 1551
2185 2051
388 441
2012 1635
1644 1644
2002 363
1353 1740
237 1623
266 1169
465 476
1922 1079
996 1264
1450 930
156 454
131 131
512 351
1035 1036
1153 565
232 770
235 292
1922 335
1191 1244
1073 1128
2211 1960
211 64
155 422
598 135
561 1159
2097 476
2072 1113
91 211
1549 2021
264 561
79 476
2151 292
21 1156
1488 2075
1873 668
1388 639
1428 854
961 1045
375 86
2181 1123
1041 1264
543 1572
208 476
649 1608
542 1044
1676 101
573 77
2073 1807
356 1302
1654 64
126 1441
357 164
891 524
865 219
886 1106
1873 70
201 476
1750 1686
899 908
1533 367
1700 1124
1937 1938
2157 1583
1088 667
813 93
1622 21
2192 1155
1873 722
475 476
1873 1341
1808 1962
1228 352
1797 424
1027 63
88 655
1732 400
1536 1197
1593 1407
213 51
1422 1920
278 1044
13 219
18 227
1313 1474
1551 420
1421 1443
1914 513
276 276
230 483
1969 2097
183 413
638 13
1198 967
175 1973
423 1487
1757 1756
275 14
766 476
968 1020
543 2161
1451 627
1151 1420
533 1342
415 12
256 369
905 1419
6 212
1476 1439
1410 2182
1547 2036
1934 123
1783 389
2143 1799
727 995
95 482
2187 367
1417 1364
875 1315
392 21
1110 650
342 341
171 296
550 1240
124 364
725 2159
188 501
476 400
315 473
1116 1099
146 206
952 2275
1578 654
1044 1044
1735 1808
726 1007
1447 3
878 1124
0 13
1319 908
1350 582
156 390
2097 477
1452 579
358 1355
1537 1871
1909 1213
1394 988
1676 1913
660 21
213 250
1262 1264
25 326
1758 2108
1531 1973
395 93
57 250
468 1995
914 480
669 1197
297 296
1045 1045
223 561
1352 1633
112 512
772 364
1232 683
4 280
1069 1422
603 137
583 2181
39 421
1251 586
878 1276
1129 1130
1687 2102
2263 1880
665 729
594 1407
1454 705
543 2013
1118 728
2165 1159
962 242
775 684
1119 959
725 1947
784 627
1018 454
138 465
314 634
1793 1747
900 2080
1909 2054
204 844
628 634
1964 2113
1538 1707
716 995
443 1837
550 421
1307 662
1859 1859
1927 1079
857 367
915 1418
2119 513
220 491
1218 1554
1913 1846
114 355
1036 1274
633 254
796 1088
1206 2113
545 550
1635 118
1603 1450
948 1424
1157 1136
1193 718
512 513
1824 1862
2002 1132
1348 364
229 934
671 666
1119 963
331 158
270 437
712 1005
889 363
1208 700
87 250
338 1121
983 983
232 1325
105 632
102 499
906 514
668 1979
1348 1350
604 1026
1889 513
399 238
1959 2240
2274 1574
1823 1823
511 375
1137 1138
820 1920
588 634
199 367
287 363
279 280
275 813
1003 1825
376 312
189 579
1622 620
487 212
1552 2101
1282 1281
1612 632
1461 50
542 629
1423 746
482 744
428 211
415 212
2150 1849
2268 1504
1189 1185
1329 1312
812 811
846 1341
1342 1435
995 101
1367 1343
1711 364
1616 1741
997 497
94 296
1934 1930
1011 1949
2192 1036
1286 1474
948 607
1549 432
2040 1159
1464 1464
675 938
2017 513
1219 873
1431 811
126 550
752 36
4 211
602 602
1797 1706
799 1083
59 2214
688 1298
2169 514
1808 1735
208 933
817 1302
617 292
1305 1777
1920 790
1711 1712
1553 480
747 93
1227 1225
1200 1216
1264 1355
91 1089
228 518
1683 1704
1650 63
245 2013
43 128
2049 2091
186 540
157 135
2133 1837
180 1756
1735 1809
1768 1697
2050 845
1283 1283
1346 950
453 93
293 63
1142 1025
1989 513
861 63
1578 564
1031 933
1457 395
471 142
542 1045
1105 879
993 1341
1199 744
1279 1251
1635 175
1725 908
874 1158
2077 2120
1289 1548
1170 2101
517 516
177 481
1145 1430
1210 1305
1437 1147
1151 389
1385 1633
1849 1534
386 543
1959 1735
1715 1520
1160 323
2039 1159
1352 908
2096 1806
480 1784
2239 364
39 423
18 620
2143 626
1413 889
1455 1455
1505 632
1214 1370
1782 1708
1127 1127
1063 1778
54 250
1051 1019
2105 2005
1447 57
1632 1132
685 1088
2142 1426
103 634
1301 485
1840 1776
2128 1664
63 164
765 1302
45 413
2243 1522
1970 1450
2173 2002
1258 1129
2112 2113
1635 1197
550 636
1054 339
1846 1996
103 108
508 63
1977 1123
1521 1447
570 60
45 192
2196 143
1469 901
999 1441
1569 1853
1575 467
395 395
1797 617
50 481
187 579
630 2240
1475 1068
497 537
968 1123
1205 1205
1256 989
1110 1056
463 497
713 2162
1746 228
1218 568
1148 1404
891 284
202 2233
1558 2184
870 134
31 1441
658 138
1825 1884
484 626
1529 1852
2019 63
2011 513
276 2084
906 1947
492 323
1160 514
659 451
407 465
152 283
1681 2253
642 1194
230 424
27 211
2136 1620
698 1023
1881 1931
1913 1060
1021 1412
2093 2089
2250 400
2165 561
694 693
713 1044
1808 1806
1077 1077
1992 463
509 569
1753 134
737 481
97 1828
270 354
2144 1213
1122 1341
579 367
1011 1850
757 91
4 427
4 91
180 589
2080 366
5 1837
1011 522
1422 1422
686 954
1885 2047
636 1240
70 34
2002 1123
949 986
800 63
583 1902
906 938
46 1441
486 364
1332 1456
1753 231
596 418
1003 1002
636 465
260 465
523 63
559 632
1315 934
87 406
709 1364
1240 626
645 1894
1622 537
1267 1307
1135 2073
2026 2006
1635 1036
1385 1332
1291 706
304 2113
1936 1543
1578 250
2145 134
689 1117
1192 802
1889 134
683 619
894 2113
888 367
2023 2245
79 115
477 250
1451 2239
1988 344
1360 736
403 1464
1950 364
2220 278
1694 616
1834 1840
1245 1057
126 176
897 986
3 421
1061 485
2138 2102
1355 463
1558 93
300 485
694 692
1697 2091
1874 1893
109 250
795 1128
332 193
486 134
2103 2103
2064 1132
670 1287
1015 1127
1113 561
2100 2204
1151 1339
1042 1324
1263 939
1011 1590
235 402
632 1612
253 465
488 634
18 21
1811 1811
1594 1594
1160 128
963 1617
915 1887
600 718
1393 192
484 715
1708 1708
994 1003
1264 392
2092 537
1201 1201
81 1756
591 364
342 1946
606 134
163 357
807 945
1300 1284
1088 1089
129 305
344 344
1101 827
1110 954
512 2011
1635 101
1944 2221
1696 1828
2205 1077
847 787
325 367
1629 2159
2220 392
955 1045
596 417
1775 1060
1556 1295
1521 57
2103 367
1429 1288
2166 1883
2115 1914
1472 83
2220 838
1889 512
1439 993
1257 511
191 413
981 447
1085 364
450 571
120 995
2064 1981
766 761
2138 412
1797 235
581 51
1393 1548
423 476
1368 1451
657 2276
1061 1295
661 953
1246 1147
86 86
866 1128
1873 1393
623 623
371 1132
816 1170
971 1324
1362 1242
988 1294
1927 1922
1499 1600
1259 921
1343 953
630 631
238 399
2080 813
1531 476
1775 1846
419 93
1378 84
2061 2148
2244 602
1635 2225
1633 1385
1250 1420
968 74
823 1362
1515 2207
1849 1535
468 1991
943 64
36 1467
1693 57
1727 134
312 465
1257 193
2261 1751
827 750
2025 2025
2002 1128
1648 1872
480 992
1023 1023
276 1118
2046 2114
1385 1352
1375 1128
1386 1473
1338 389
1366 952
1972 1973
1224 793
1410 2203
1152 1364
517 468
1665 2171
1165 476
1135 683
2034 1691
2239 477
1092 1369
750 375
2255 1977
1652 632
191 375
1371 289
376 473
2084 2085
708 581
561 264
1999 1407
258 211
996 857
489 1023
119 2163
2039 2007
1623 1071
1850 473
531 1097
1411 962
1096 986
208 400
1627 1612
343 86
1970 2196
750 1356
1085 1084
975 1309
693 1020
98 579
1463 389
962 26
139 627
1098 1024
545 844
2270 1917
1035 989
319 391
715 477
415 464
990 797
392 463
503 634
689 944
371 501
502 261
266 677
1121 1493
796 53
480 719
2101 2097
142 465
1902 2088
1124 1132
1721 1721
1567 1570
550 745
1231 389
381 583
1755 1263
1178 1995
1005 870
1923 1913
1557 2242
2098 1586
1056 766
994 626
1075 700
1862 1862
41 613
1698 2012
576 1591
2084 565
2010 422
585 375
890 890
898 1133
55 241
1964 304
637 250
1854 1949
2233 2222
969 1548
469 1991
1487 1575
1795 2182
1175 1176
1621 1619
543 634
943 1185
2193 1883
935 744
573 63
1514 1535
1022 492
896 1341
1735 1806
1619 86
635 116
328 478
937 1137
1523 477
695 1181
142 1240
1153 1156
562 438
676 950
298 36
1457 1992
1011 1825
2263 1573
991 988
85 928
1356 1341
1902 1901
1064 930
475 626
1780 240
164 163
427 91
529 634
1476 1341
620 537
2081 1132
2035 1407
212 1283
1413 1413
1705 1464
410 143
1776 1302
205 637
1500 513
259 70
975 1276
1385 1342
1152 591
1977 1124
1260 780
119 1136
646 75
1023 699
2163 2163
1223 70
1798 1516
1797 402
821 1088
750 413
2048 2184
1734 1553
537 537
402 292
176 1240
59 1041
487 464
739 481
1439 1341
412 476
1973 1973
1632 1385
654 296
1218 1522
51 473
2143 467
1855 2026
614 485
724 1263
2274 1880
1279 383
1146 250
2004 363
1038 778
739 50
1385 367
1189 1088
1752 432
558 364
1073 1980
1426 1634
2005 492
943 1089
1672 1850
2176 115
358 1215
436 463
750 533
1629 540
421 626
1064 933
2158 1136
1683 240
1355 565
1393 74
913 411
234 1797
791 1046
706 1026
759 1144
1779 389
1419 1419
2088 74
257 986
267 267
389 497
1207 1324
1879 464
209 1776
478 70
1576 1071
1694 1479
478 1170
950 1298
733 1406
1073 367
892 32
1251 1251
1644 1196
944 22
1920 1551
1011 416
2238 2047
1282 1107
1752 2166
730 485
596 539
692 1160
2072 1469
2013 2164
1635 1668
457 457
837 1074
2267 1731
372 13
531 528
550 1750
715 476
2191 607
230 402
197 14
975 1275
942 492
690 1298
2080 211
1828 1464
174 367
101 1846
993 848
1250 1157
925 1123
480 1264
1520 406
357 357
3 1447
1933 1933
37 634
486 870
818 1573
831 1515
2163 2158
1482 1466
839 59
2063 60
2040 1469
1692 1882
1204 778
1130 86
2122 2084
880 881
1059 2253
858 1245
1378 1172
2125 63
321 596
599 932
2008 772
1261 766
1656 331
946 1056
2209 1981
1324 1212
2249 420
490 540
417 539
1299 481
1873 1264
1472 1473
1209 1123
1679 1562
1815 1469
963 768
315 465
1682 1777
2053 250
99 400
1434 936
1079 2087
1454 1360
848 1349
1003 522
694 1023
1870 1199
136 115
718 813
637 115
513 1655
2143 476
607 634
1524 41
1047 1299
1550 481
741 1349
632 632
1797 1797
951 1240
1484 1484
319 465
1985 1102
480 389
750 548
1580 1580
1991 2074
1512 1516
2220 497
705 1454
1520 1579
1113 901
109 476
427 92
1097 1361
1886 560
272 1885
1516 1478
186 490
2178 349
1088 211
1291 1026
1514 1852
915 1774
612 634
1383 745
1071 2043
133 446
1524 1986
1289 665
545 416
1290 1127
908 1044
730 683
1106 1364
1570 1566
53 360
1633 1725
1614 436
2063 476
922 1065
274 477
1751 537
1250 842
2002 1130
2168 53
2056 1121
54 626
98 75
2192 1846
2160 1665
863 620
645 83
1612 1611
1624 1939
2193 1197
1756 271
994 473
969 1370
286 93
112 513
930 930
177 485
2122 480
2181 2179
625 1730
1772 2124
1633 1341
856 956
1277 513
593 526
1078 1281
2153 436
798 1123
1471 720
122 171
472 634
1365 294
1447 1578
114 548
1508 208
111 64
1515 1685
550 484
2088 1902
1896 995
722 882
1456 1451
1322 64
1964 2112
153 122
1872 1915
1578 465
885 411
1089 1242
1238 1243
1336 632
849 846
1033 1441
1375 719
1683 296
1811 1525
939 1432
645 1381
221 2162
424 292
1873 1152
131 250
1013 967
79 1062
1184 1247
204 13
371 2090
1118 620
1278 1264
1570 1567
937 455
1058 83
1339 940
117 635
461 367
492 1141
338 209
108 103
1578 412
1422 2211
1594 1681
598 166
2220 839
2205 1213
1345 927
471 1170
904 1062
229 2182
759 1308
40 74
1049 481
256 256
1531 20
1470 1846
1100 1364
624 13
527 580
1737 367
1185 278
338 1493
211 91
883 1053
1785 1678
1873 2122
234 483
213 63
1632 378
2054 1642
913 852
874 689
1979 1979
147 432
1780 1704
1833 1493
539 1345
30 477
1966 513
551 551
2149 530
941 141
1645 485
1547 364
1539 485
1441 1240
493 536
1088 1362
117 116
1863 243
2158 367
1153 463
1923 1908
1156 565
2191 1902
2204 1407
1152 115
1310 1312
757 92
2163 212
103 103
1825 1672
588 1684
544 69
1742 1995
1210 1026
2255 1352
299 364
1784 389
465 477
322 523
298 763
923 923
743 1298
1738 1723
2142 1847
781 1307
1493 356
1759 1540
1572 2013
777 1475
1076 1104
1509 2034
1697 312
1049 485
1225 352
656 1441
636 2101
1422 1311
1733 2234
2263 1525
467 250
169 634
2120 2001
1159 1165
1911 208
1385 1341
1148 1411
2036 1749
462 465
875 406
1635 1827
364 171
429 474
92 91
1164 763
1721 63
1393 2197
1152 1106
2140 651
56 617
2006 492
2158 45
8 262
1706 1706
1234 1234
205 205
2015 1721
693 941
19 375
1490 1743
1992 537
445 139
54 1672
1446 1264
716 787
2151 235
457 1012
1097 347
1899 1707
1568 1568
1836 1582
1631 1708
1184 616
329 513
72 476
282 200
1451 412
2236 1691
1237 262
311 309
647 35
2123 1464
1700 1977
1635 324
412 632
550 757
2121 2007
401 477
1656 891
863 916
584 465
1591 2052
727 1635
939 1437
2074 389
1104 854
1564 2045
478 250
1162 2266
1831 1276
1170 484
400 476
2160 579
1835 2182
1470 1060
1297 480
1734 432
1191 364
236 416
2081 378
1911 20
1222 678
1632 533
2120 1634
483 399
512 1655
195 515
249 485
996 1435
2259 1986
583 579
1261 1344
1701 2197
1838 632
736 736
753 1220
33 250
216 480
710 845
1497 2275
2268 2109
1296 996
59 882
1906 1450
208 766
2126 418
1869 1694
939 1147
550 473
1839 1302
1959 631
1201 115
2012 787
147 430
550 715
619 102
44 2162
1266 363
808 1100
626 476
463 565
143 1478
431 634
669 1014
1010 278
119 1622
971 1328
1167 1233
622 421
1634 2241
1252 742
1523 476
2072 1159
1922 175
508 561
240 634
1792 1562
1254 1478
910 1337
1801 1595
1845 1344
1909 1805
1513 1951
446 1062
82 517
448 1211
2006 1276
824 134
715 1778
222 1694
1579 57
2080 364
272 643
1052 708
1521 476
820 790
1181 2276
495 495
1336 1430
1150 1242
1353 1393
1839 221
2099 842
682 1430
2130 1943
1683 618
1778 2138
426 413
1680 243
2086 1530
2158 2158
59 1215
1103 1147
1016 1214
734 64
286 620
534 650
942 2005
1136 1156
783 217
342 1952
1635 1484
1047 1049
1923 1906
241 241
1734 1670
2149 514
576 367
1015 367
514 1141
1509 1508
1476 267
2181 798
2239 412
1149 560
1146 1946
1268 150
1477 476
1162 921
701 769
2110 1789
2136 1302
1264 2214
996 2047
83 2174
1788 2230
2164 1632
1742 844
2074 392
1240 138
1980 1288
1984 1364
1125 979
1185 1362
1553 432
1702 2028
1656 91
1404 455
4 64
1729 1828
1161 1127
686 766
236 250
76 367
550 1441
645 961
577 577
2259 41
1953 271
1508 473
658 1240
1515 1617
2269 2269
1462 485
1585 1595
678 1222
245 1740
581 465
1184 84
744 1012
629 542
118 1996
1873 1001
1754 389
487 487
1030 1127
666 842
1854 1850
1843 115
1480 751
583 2191
481 1295
1404 1138
1681 86
45 367
181 167
985 271
1391 1324
1563 1726
2080 1324
1544 2171
244 463
329 634
1075 480
1633 1352
1844 534
1635 1531
486 1132
1115 191
487 1879
1365 267
440 345
473 476
1021 476
115 1314
750 1042
408 1240
1845 650
1048 889
1220 1362
1168 1477
195 13
655 172
1632 86
119 1153
871 1147
1218 1214
2209 1393
253 348
1128 1130
1305 1026
1759 1518
61 632
1111 1072
449 1685
2002 251
223 63
2166 2024
2007 2008
637 476
1355 1264
1743 347
1288 1288
1739 1947
42 490
631 1735
862 844
385 1314
1826 1740
304 304
550 2097
370 369
2004 2197
1674 2137
1227 1471
1385 1007
221 1302
1980 367
1741 1616
1240 465
911 1147
765 765
1948 1948
399 483
293 523
289 292
1020 1275
1385 217
1447 1487
1817 2124
1451 416
1345 418
1280 1089
1623 1790
1289 729
1920 513
1771 1634
616 854
1185 1044
1849 1852
1366 1309
1111 355
696 1407
57 651
1348 1348
779 778
2255 1132
1923 1896
444 232
1922 1922
99 476
1168 260
1481 36
1676 150
1681 1407
1911 1508
288 308
524 1979
615 854
2080 1130
1157 842
717 664
1037 989
2021 556
1797 399
1578 297
2234 392
1420 389
926 854
692 941
1730 1730
1395 987
2215 2215
1575 476
1507 364
1045 2162
265 344
74 1728
996 1128
1309 1312
97 1464
1075 272
996 1006
486 1044
1635 1883
80 107
353 116
22 2201
707 1295
1821 2034
995 995
504 634
1258 1128
209 1121
784 1451
1632 1341
848 889
1020 489
576 579
1181 879
268 634
541 476
1190 1175
1129 2081
806 813
31 476
432 430
1357 933
1892 534
686 1056
1487 476
142 471
1633 908
1011 1003
2239 2229
174 75
1080 492
2262 772
2101 2101
1344 766
1503 364
2209 367
166 623
328 476
481 50
1955 904
497 1751
996 392
1070 1288
890 950
697 191
572 26
1971 2268
1121 221
337 1984
2044 1841
1787 1973
421 2101
1713 1742
727 787
1011 994
1155 1846
624 211
187 367
1915 1060
1254 324
1561 582
636 416
1206 830
665 969
922 1063
2040 1897
2177 2030
2120 2241
1955 446
893 485
2026 1276
1106 591
787 324
1991 389
750 2179
1517 115
1327 70
866 497
1104 923
437 1967
1668 1883
1508 534
1315 1170
677 1317
951 1441
573 634
298 1164
370 370
932 1362
2121 316
1850 476
342 342
60 63
851 970
2149 492
2158 537
1331 950
1578 1369
1811 1866
2179 1812
245 245
485 619
1069 1100
645 1473
906 2159
740 862
573 512
1244 882
431 478
574 341
131 54
214 14
1854 1672
1652 1652
1230 1388
1753 106
1300 1282
504 632
1098 1184
201 1170
2002 1977
1399 406
901 901
826 766
691 1012
1578 618
540 937
869 602
1199 1012
338 1302
144 481
462 70
1420 93
142 467
227 395
1574 1846
1978 1805
465 2097
946 812
2219 1853
1483 827
1805 2050
600 480
1512 1450
1667 1677
1139 1139
730 2113
507 1404
1635 2211
593 525
561 513
1020 942
1016 1218
1068 1475
83 645
893 481
933 930
66 179
2054 2050
1720 1812
1206 614
1336 513
2271 2211
539 2013
1683 1683
1766 1410
302 678
1499 1598
863 392
2073 744
393 141
1954 137
825 766
1872 1846
168 3
805 989
1440 2050
1152 1853
1267 1303
399 234
338 356
1195 1244
2 406
2138 934
1320 476
92 1089
2072 561
656 550
1528 2113
768 1045
2091 53
1694 1470
2274 1525
1609 2069
237 277
1005 1005
214 1551
229 2138
1515 831
1120 987
679 1451
1093 1093
1003 994
2147 1916
607 607
1873 272
1160 876
2198 1770
1656 524
1345 417
1421 1344
1672 465
2234 565
375 191
512 364
895 1124
722 2047
541 176
2100 1407
2006 1309
1033 1447
1226 1315
2041 1634
1977 378
374 13
1411 241
1534 1852
487 415
462 1591
530 1312
497 463
1979 984
699 1023
1277 1109
1299 1299
2182 75
829 1344
1852 1849
1354 679
1160 941
1959 630
2249 214
355 627
2181 363
2272 1197
278 838
1521 3
95 744
1315 1315
1571 1810
477 1240
154 64
855 134
260 48
886 1264
1197 1883
2228 2098
1655 513
1348 552
1983 1714
2089 476
451 36
1846 1060
1470 1915
1116 683
933 766
1385 1980
906 725
507 455
1273 1083
618 296
547 465
1249 719
2102 2182
683 304
1796 1650
675 2237
1858 1862
1011 2090
849 1341
1008 1455
1574 1308
725 477
378 1632
2041 2009
1299 485
2209 1341
1969 406
1413 848
863 1153
824 651
593 634
1814 367
1128 1288
1852 1534
1642 2050
1201 921
1127 1248
1700 59
1332 627
675 1453
1374 347
479 413
1092 1361
219 219
473 477
2176 1554
234 292
493 211
1023 698
1431 812
886 531
1572 418
578 634
957 1194
651 134
2215 2143
938 487
1753 513
312 312
1247 616
2072 1897
476 250
2258 66
166 167
946 766
423 2043
1345 2220
1011 1672
1909 1124
1421 1422
572 28
1353 1826
2250 534
379 13
2240 1735
33 208
1675 476
1725 217
550 2101
1919 63
1501 143
1567 1973
1053 1254
857 1118
218 560
137 645
362 476
1990 1973
426 1980
369 140
1957 1857
311 311
2192 2196
375 217
1166 1322
385 477
996 275
2127 1711
353 2123
1489 1861
957 957
1768 2091
1501 2202
103 105
1158 689
2098 1585
1021 626
1532 1590
1121 2162
850 745
274 1672
2252 136
401 476
2122 275
1340 882
504 881
1699 1760
1385 940
1658 727
1635 787
1278 1851
1553 1124
2173 1980
1413 741
402 424
1110 766
431 476
2065 1926
1738 486
1393 367
1810 326
225 84
952 952
1076 1102
2063 784
630 1735
421 423
1650 2171
31 534
1993 2117
811 761
1097 1086
1439 1410
159 250
1062 1062
1160 540
1891 349
1521 1487
1672 34
1558 497
1249 718
1229 1083
154 555
1878 1909
265 465
2164 1302
918 1185
716 1525
1461 1295
896 267
706 604
2164 418
331 331
97 763
286 392
1276 491
1617 170
1909 2051
38 579
876 1138
734 1166
1385 986
1842 1895
1088 1185
707 1550
1753 512
1752 546
1063 548
1483 841
246 1635
1088 13
1509 20
1902 74
105 105
1935 1958
885 569
398 412
87 109
156 456
364 296
1591 2239
1406 477
2218 2180
645 36
1468 1224
1173 481
344 193
2002 367
1345 1200
493 364
1635 1409
1558 45
184 421
1377 1341
2077 2001
1196 1053
1752 367
1881 845
424 289
2084 276
356 1121
1933 1932
1510 1450
1378 1171
437 354
849 849
2 476
728 1040
863 93
228 515
961 1044
245 1169
1603 1512
753 1185
191 121
1163 930
1124 367
745 484
1801 1586
548 1077
1933 63
145 4
1382 684
2017 2254
968 217
715 412
78 632
465 401
761 766
2192 989
2220 1045
1104 1104
1533 1762
561 63
1621 1621
347 797
2169 2149
1949 813
768 1044
1399 1441
1992 1157
1000 684
860 860
389 463
1992 395
492 514
719 719
779 942
1106 1334
1146 1960
133 267
645 2174
1578 296
993 1349
2187 1980
1729 1882
1578 589
2029 1644
817 1839
32 1653
891 1656
1045 1044
347 1361
2187 533
1556 1550
1558 463
709 1069
1368 564
866 719
1175 130
1092 565
1539 1556
25 272
331 486
1180 864
2099 1581
100 367
1286 561
964 768
1559 1364
2072 134
521 634
367 1341
1896 816
2124 2124
1422 161
1517 1364
754 754
1682 644
275 1407
416 477
635 117
1708 1707
260 467
31 579
1189 1189
1970 1398
2020 2051
892 881
780 1314
52 202
1635 1573
1345 538
929 967
1732 476
286 21
554 60
782 928
148 634
1949 260
4 364
1532 575
327 74
103 655
299 634
1878 1805
1716 1729
1952 1686
356 338
2265 1496
152 513
2104 2104
1127 487
1290 366
1083 1083
1774 1887
2192 1913
1546 1764
126 396
1913 1915
1650 1650
744 1059
1885 1376
1218 2070
1870 744
43 492
622 423
1145 2252
1221 476
906 271
550 1578
767 1147
201 465
3 2101
1211 577
462 1590
2002 1124
2160 367
811 766
741 848
386 804
178 622
24 1469
1606 345
1168 626
1421 161
42 540
1067 1485
1872 1811
302 1335
1968 1723
1106 528
1674 2230
786 731
1059 1407
539 579
1050 1295
2032 426
1949 476
1285 1282
1531 1531
1726 1722
1430 250
154 134
1406 1412
47 864
1218 90
2073 887
1006 882
126 1412
347 364
1049 1299
1456 627
509 411
1696 36
1572 607
1006 2220
244 537
1915 1079
1872 1635
370 365
2215 476
1550 893
1091 1322
468 516
561 2008
453 647
1063 1111
2066 2071
474 208
1922 2211
800 1376
402 617
185 530
2250 476
1575 465
339 364
1633 1632
117 1464
1535 1535
1129 1124
2138 364
564 473
1677 1677
1476 1436
1725 367
1181 1181
804 364
419 463
396 239
645 1140
723 989
2083 192
30 476
2114 2112
293 64
490 2006
103 16
840 480
59 358
791 791
29 1454
2101 476
590 539
2077 1900
1378 967
833 1147
1072 389
1393 533
550 70
682 250
956 856
1340 1123
550 626
1743 1743
1432 1147
1271 879
1264 480
565 93
231 1753
550 2264
1830 245
1351 650
2032 1240
10 525
2057 1916
716 820
80 36
1184 854
890 967
260 813
59 600
264 634
184 39
447 367
1235 981
721 1270
2164 607
1245 1245
276 2163
1700 2081
1725 1385
1446 59
61 655
998 939
894 614
1811 1566
758 1337
2107 2050
1260 1307
926 1478
765 769
281 2207
103 2254
1666 1492
1407 2047
828 877
1523 113
89 1121
251 585
318 73
722 722
962 1309
1485 1443
2185 2054
1560 823
866 813
1097 345
1345 596
1184 1694
1160 492
208 826
468 1742
55 492
1880 1996
1552 471
1665 591
2002 1980
1647 1742
1731 1828
1553 1152
442 480
1454 32
888 344
429 1508
1427 1040
581 173
996 1981
952 1137
387 2246
251 375
2049 668
579 271
1568 2002
1237 1250
1184 143
1454 29
1467 1828
552 364
1613 1627
1238 480
398 285
416 250
1635 200
465 250
2112 1964
1003 475
1024 1470
133 368
534 1344
1311 173
421 421
1931 2050
2075 41
221 356
205 476
288 122
19 1170
1053 1253
1982 2276
1370 1407
816 1308
753 821
1571 326
1593 1364
1237 916
997 1071
1559 2253
344 1951
1203 1284
1859 1858
1487 626
1055 1054
2101 477
707 1556
117 353
352 986
995 1846
1299 1295
1590 522
1393 1342
2144 1118
1584 432
1107 1282
1521 1579
1277 879
1850 477
1927 1908
1133 134
1384 367
857 1124
274 1002
372 219
550 1686
1560 57
252 1117
478 479
942 2006
2040 2007
2189 1113
1671 1789
1558 1558
59 1264
867 986
1866 1811
1491 2225
985 2179
1033 1442
1834 1121
2002 1981
395 537
1398 2192
285 477
2062 2181
1314 1314
1691 364
532 1633
2049 360
2148 136
448 1207
1240 658
1407 1407
746 413
271 1407
927 1123
364 1730
176 626
505 3
818 1913
823 557
543 418
1805 1805
1402 367
497 565
2136 1839
1873 14
293 2045
1656 1940
1238 700
348 476
1495 1837
2019 32
1878 1062
2119 2113
1635 989
583 74
2127 1712
1151 497
921 986
1650 560
59 996
1516 1534
285 412
93 537
882 1001
281 634
1398 2033
654 1086
229 1778
333 134
1850 465
1291 950
1905 1846
1775 1915
1911 1509
46 517
98 2052
1233 134
2090 2090
19 478
458 455
2171 2171
906 906
1691 476
138 658
2131 1918
1223 1170
43 490
1177 1458
1761 136
1227 2184
1278 1070
753 667
1553 2021
67 1873
1617 349
1200 1123
1920 967
715 465
59 480
1095 93
1966 1966
1650 1803
500 254
1635 2033
1992 1156
1973 46
1539 893
1060 967
583 927
1775 1635
592 250
1941 2013
1825 1850
719 497
1813 1823
1561 2216
1574 101
564 465
312 476
150 367
1185 1088
599 13
1655 2113
1092 1374
457 634
997 1108
1873 1088
1073 174
1028 684
583 1393
884 888
1983 2124
2271 744
332 1084
1013 2211
1417 1243
1476 993
1917 1904
44 542
16 634
1266 1341
750 2238
1366 962
1011 51
652 480
119 395
687 684
2125 1159
761 986
1752 1553
1307 280
502 256
550 2236
1858 1859
550 477
1185 1089
954 811
401 400
1202 1089
1385 532
2254 513
1632 908
2032 312
159 634
615 950
1068 1068
1330 1441
1481 763
360 470
29 1360
719 813
1657 1951
2140 64
518 375
1797 292
2115 513
1272 513
496 311
1919 2045
1209 2179
494 592
1279 586
884 511
251 191
471 465
1822 1853
1645 481
1300 1281
2125 2008
550 2239
1864 1920
1347 1069
513 513
1050 481
2042 2124
746 589
1261 811
762 1430
332 375
864 275
1479 854
1285 1107
1113 513
1615 473
277 53
618 297
2274 1573
2003 72
340 2081
1734 2021
8 414
100 579
1087 950
1057 785
1130 367
436 436
1151 1151
264 63
293 293
375 1657
1357 1973
550 3
1333 813
715 471
1654 360
1852 1852
2024 432
1551 214
2051 2022
1296 1264
1929 1544
1718 2067
1034 684
1558 2163
2058 2230
532 1352
638 219
220 273
715 1332
1319 1633
459 219
326 1040
750 2253
758 1336
1753 1588
836 853
344 364
895 1276
1438 1438
2126 2013
550 416
2056 1493
1505 2200
1572 1632
1090 134
2255 1633
1784 480
1897 1159
180 413
313 513
332 364
645 2256
898 134
823 1672
445 2122
1726 1563
469 468
1873 476
439 63
1360 879
266 1147
655 61
240 476
2174 83
994 1011
2219 1719
1041 1238
738 1295
653 650
1732 534
1296 59
2045 97
1908 1883
2182 2102
351 513
2176 1558
575 75
2237 2213
1239 711
1332 1451
2192 820
1632 367
1463 480
863 863
2212 2201
1691 2236
1646 60
2113 304
1968 64
1428 1026
456 939
1596 1789
277 277
1153 916
657 283
888 1084
2163 731
1631 1945
761 811
1353 1123
2230 623
550 1691
1153 395
1933 1092
842 842
1457 1250
1995 565
1599 2045
2019 1886
70 1170
1633 1633
2133 123
82 1672
522 476
2112 2114
2156 485
1031 1127
1264 548
1009 481
2225 324
2027 1640
210 2230
515 2110
2221 2221
1822 1622
339 1054
421 3
1811 1635
1617 49
1523 1969
865 1123
1259 1725
2037 2246
1887 108
1120 1842
1925 1895
1678 2137
197 634
1883 1883
1560 824
897 93
646 2052
1673 1859
1635 716
2014 580
1451 1456
1768 2032
1011 473
1981 174
1431 766
1642 845
1080 1309
2122 445
1988 1513
1494 392
985 1123
2027 108
550 1170
1403 684
592 494
1114 476
1422 1922
1121 2056
1240 476
258 1636
412 250
27 13
1371 817
2182 465
550 138
709 363
85 283
1145 513
707 893
353 1464
34 473
1380 1381
737 50
1939 927
749 1094
230 292
645 137
2002 1129
1743 349
1919 293
482 634
1819 1852
900 908
1115 364
1648 1811
1873 134
1507 412
1451 1332
228 219
1422 790
138 477
531 2260
1394 1394
2126 2161
820 1864
1658 1883
750 1364
2031 1240
2070 1276
1809 1618
1761 2252
358 59
861 882
1975 632
238 483
36 1464
1385 533
449 634
540 492
1396 1396
1980 413
1556 893
1728 134
277 280
1579 1578
675 1458
1814 368
286 537
1058 303
935 1012
336 413
1752 2024
335 161
436 2020
2191 927
2253 1364
226 222
1234 454
1442 989
996 2064
2080 278
758 1430
1375 882
557 296
968 1246
531 531
399 399
57 619
690 743
313 634
1593 2253
277 284
124 634
560 2171
710 1268
927 219
339 14
821 1071
1903 1992
1635 1525
1232 619
2145 513
996 1977
954 812
413 413
1720 86
750 2160
715 2229
1995 1742
1732 2035
755 751
2244 1786
535 443
97 117
2181 491
1888 1213
1075 579
868 989
17 63
2081 1130
2002 375
2182 2182
785 1057
2106 1695
2080 1128
1752 1341
1043 1179
1578 473
2188 1950
1683 102
1405 908
666 666
1306 968
431 2143
1552 477
251 1040
812 761
1539 1539
542 486
2104 1634
2 465
1746 1789
2220 542
1115 1084
778 489
728 1216
1694 1478
350 465
1632 1352
1235 447
1180 862
1375 1029
1493 1302
1680 1680
2176 45
550 315
2226 2226
334 512
1739 725
401 465
2273 175
1598 1469
1404 2275
16 364
405 413
475 250
1324 1042
1009 485
927 1342
400 250
1870 2025
1593 1681
2173 857
103 632
884 1085
460 634
1257 121
492 2006
90 501
1172 929
54 479
72 400
1658 1846
1508 1578
538 543
387 465
119 537
1008 1324
1046 791
1393 928
998 1147
459 638
445 1007
1797 234
425 556
1129 1132
1811 1398
468 517
1401 1022
1426 2011
1309 530
538 2013
1248 1127
286 2234
96 634
1102 1869
467 476
1420 671
2092 1156
119 367
646 579
1541 83
896 993
161 797
1004 1388
667 63
864 1129
642 644
1998 1838
291 290
1386 83
1782 1707
532 367
1355 480
390 454
1652 1730
1153 842
81 413
31 766
472 632
1288 928
874 687
1574 1574
1440 710
9 164
789 363
1220 1088
1554 1522
2250 2035
1430 589
1251 1082
666 1156
2012 1811
295 634
2095 1883
765 1620
681 1147
1637 1541
770 1325
1389 1118
2000 2247
1384 924
1323 289
1457 1157
1652 1636
1519 619
531 2148
687 1134
1878 2144
157 370
2258 1588
2001 1634
2192 1274
1981 1130
276 119
116 117
596 2013
992 21
1590 467
739 1295
199 1074
1439 267
1829 1783
978 973
1594 1407
1638 1847
1049 1295
1072 480
1041 700
473 51
1003 626
1029 719
1752 2021
1491 1846
1483 1393
886 528
1486 1104
1635 995
1247 854
1400 63
2032 1170
1372 930
1715 1521
1958 93
194 26
914 1264
2001 1771
172 61
1999 1548
1994 2132
1860 1926
512 607
1118 813
1627 1611
1661 1450
367 533
1374 700
1513 1988
1124 634
1833 2056
1767 1735
1811 2192
1597 1597
1307 486
1464 36
857 1123
704 1901
38 75
1309 1310
1340 367
1915 246
1772 1562
1381 1386
1242 804
816 478
2181 74
2081 1124
334 112
1563 1722
578 182
874 1134
933 208
409 591
1550 707
1579 1579
977 367
1414 1418
2167 1830
1397 1012
1570 1973
1329 1309
908 908
1355 392
2148 115
1345 1393
1921 1926
1984 1100
542 2162
771 1093
50 1295
453 565
2105 942
1078 1300
335 162
2209 217
1258 1977
35 647
57 240
599 211
149 323
1621 86
498 938
1259 2148
839 1044
976 1342
36 751
1968 1647
1225 568
1446 192
909 1288
1560 1683
1385 1853
635 1653
252 377
1167 134
1298 743
8 389
718 719
932 513
538 1345
162 250
2213 1577
1034 1382
475 1575
1643 1605
492 1309
1614 93
794 1247
933 1777
494 250
382 467
1360 804
1793 1946
2257 85
735 1441
715 75
836 137
473 465
324 324
1263 941
506 1973
664 773
505 476
1744 2052
792 787
1535 1852
2252 2148
1941 954
1614 2051
289 289
51 476
1048 267
714 1315
22 634
729 1548
1441 1412
912 860
2046 2113
1716 1828
1873 1977
1644 2029
1574 995
1358 766
611 465
596 538
448 577
2111 1639
1342 1132
1131 664
1681 1364
479 715
693 1023
1927 2211
1131 1416
57 57
550 250
518 228
974 1380
7 219
1610 1610
196 499
2 348
2080 908
1853 1719
2021 425
1140 1044
759 1015
276 192
550 476
442 389
1395 890
1098 1026
1321 191
193 1084
239 725
1992 1250
1271 1474
1141 1312
2098 1802
1324 134
1265 972
1212 1212
1916 1916
1352 1725
790 513
3 757
550 213
1154 1244
445 982
1998 1470
1588 106
195 228
1665 367
750 191
1048 294
1977 927
750 1355
1088 64
2163 1283
520 413
171 1469
645 2186
172 634
358 740
474 33
2013 1572
1772 254
1706 292
511 1105
2079 2016
367 579
1673 1824
2039 1469
1681 1593
1755 724
173 634
566 165
1175 1175
888 1085
1155 989
755 403
1811 1913
1508 250
1969 416
755 1164
663 1123
2032 416
1942 1948
1482 1053
415 487
1095 1007
872 1117
327 531
1915 1915
2059 79
47 660
358 1264
481 485
194 242
2038 364
1019 887
1752 532
1162 115
854 854
1799 476
2143 477
950 950
257 363
220 192
272 363
1464 1467
21 620
1756 192
776 738
692 1020
894 304
2090 2155
119 45
1202 1088
484 465
680 785
321 538
928 1385
1538 1708
804 815
1768 1240
424 402
1282 1284
1217 863
2136 221
1422 1927
2158 192
1354 626
1756 925
1866 1525
1992 1153
157 369
1708 1538
1214 568
1079 1827
805 1036
0 219
1372 1777
1029 1375
1330 545
2228 1585
1965 1967
389 940
1560 102
2138 928
538 539
645 1386
1743 1097
2231 1879
398 416
1874 107
908 1302
258 1242
1335 678
9 357
430 425
818 954
1124 1128
814 1086
1665 479
2269 565
1178 1466
1670 2021
502 135
554 64
2103 45
353 117
394 634
2088 1117
2092 497
2198 1769
229 928
745 1170
957 1838
1153 863
1044 1302
1692 2123
1364 1364
681 937
244 497
34 626
1165 1469
661 1367
1850 2090
1517 2148
392 565
1788 623
1514 1849
1468 1172
1654 2082
776 1295
1854 1825
208 250
1064 208
73 623
534 250
83 83
733 1412
1452 2191
92 211
1239 1465
1120 1952
695 511
1697 53
902 1117
506 930
1118 537
954 766
550 1315
1152 1216
772 134
19 250
1562 254
1130 191
1285 1284
332 121
1315 1240
1213 1370
1890 115
795 1130
894 2114
670 670
345 1097
1752 1385
196 1704
440 349
2134 1926
1693 1578
1334 528
258 92
1933 1928
158 277
1697 1240
138 476
1380 1386
1083 1082
531 1334
1393 579
752 1828
694 968
255 1388
1077 363
1088 63
178 423
170 1245
896 928
966 1234
1722 473
1558 399
248 645
486 1455
546 367
1424 607
689 684
1824 1859
1444 989
372 638
772 870
1628 2201
1330 584
969 729
1311 1478
1297 1264
489 1275
1320 1320
548 363
1767 630
1635 1846
227 620
158 284
1756 1755
750 1118
473 2090
819 834
702 809
2191 2181
1607 2220
1743 345
2169 492
1071 668
489 942
1058 754
1324 1207
548 1938
435 442
1978 568
964 1397
1558 115
2081 1633
260 476
1792 254
580 628
753 1362
998 998
212 731
2105 540
1635 2087
1089 1362
2075 36
2186 83
1840 1839
1240 2101
1527 1873
257 413
490 128
347 1369
138 2097
1221 250
1385 579
1123 1407
2039 1897
2024 1670
505 465
1528 304
1336 580
2018 293
2027 103
1606 1617
1553 1670
663 1548
583 583
375 1619
1153 666
1850 51
477 400
663 969
130 14
1055 339
715 229
2173 1851
1852 1516
1426 513
2064 1977
1078 1282
2042 1817
1047 481
1403 1382
1372 933
1112 1304
536 211
1535 1529
737 1295
1002 1825
1095 392
1240 478
968 827
838 1044
288 65
902 687
992 1216
1072 355
448 1212
1470 1635
1280 1185
1052 581
693 692
1130 174
1422 1694
2012 1525
829 476
235 1706
340 378
1411 242
1738 389
1264 992
2010 403
199 1073
760 1275
577 1324
469 1995
1251 383
2149 1309
913 1089
1752 174
2255 1725
741 1341
827 217
1811 1920
1326 1327
655 634
1287 670
672 673
760 1327
2035 2148
2272 1867
816 820
2000 1858
1578 1578
2185 1909
750 1851
1635 1060
1634 1634
1704 102
454 939
1529 1849
601 418
129 1303
745 1304
1135 1099
1724 1538
1244 1288
449 2242
1402 1334
1884 1672
419 497
2209 579
72 465
494 634
132 63
1135 304
820 324
780 565
236 465
490 492
398 3
2235 2045
1009 1295
2012 1872
1847 1847
1853 1622
540 128
1323 1371
2020 436
2143 715
1873 1208
478 406
340 532
188 1370
826 208
100 192
697 121
216 358
558 250
1326 1020
1588 2145
1872 2012
1039 1288
581 350
949 949
2049 53
2138 1778
2002 857
432 556
57 824
2151 1706
79 465
2179 86
740 1072
348 70
1826 1980
1211 1324
184 465
193 121
831 49
1090 1233
796 668
1030 123
427 211
1246 1246
498 1388
668 1071
1553 1551
1105 1109
1027 1264
241 55
1266 846
1675 2143
612 2201
1173 1299
1318 1014
20 162
1829 389
899 900
430 432
2251 2251
1289 533
551 550
2007 772
796 280
1832 1771
1752 1393
1635 790
2153 2020
2049 1979
1321 364
1558 2084
1533 491
627 134
209 338
1915 1913
1288 1128
480 392
1088 736
564 477
1525 324
656 1406
1345 928
2076 583
1929 2175
1204 779
188 1554
1820 1121
577 1211
2112 304
108 634
999 1406
729 2047
1066 2181
825 761
2205 192
1306 827
799 1229
89 209
1591 2053
1729 1716
1159 2007
1253 324
1124 1130
2248 2190
2070 2069
2101 484
1318 477
305 591
235 1797
2080 645
753 668
1010 1044
1036 989
123 1409
748 1128
181 623
687 689
961 137
2191 798
30 31
50 485
1452 367
164 164
1147 1147
1689 2208
847 1846
172 364
154 651
1873 465
2199 1976
1781 1837
2051 271
2002 364
1131 773
1537 615
1706 617
794 1409
1137 876
1835 632
1969 478
687 687
855 1345
2002 1073
496 309
412 477
307 634
157 365
1949 626
650 1344
486 486
1373 1270
2206 1072
325 579
1509 208
1542 1543
466 104
784 784
463 537
777 1068
748 150
238 292
824 57
1556 1539
470 360
136 136
1447 421
715 2052
1706 235
1385 389
964 963
565 1742
1924 1597
1915 1478
1695 1639
462 476
1019 1295
784 1332
473 250
2076 1694
1535 1849
1977 363
1388 1388
539 543
189 2052
515 1789
259 348
488 589
1988 193
272 1045
753 1088
1339 1339
1425 627
629 1044
237 279
1663 292
650 534
57 1447
1831 2069
21 93
1710 1604
2126 1572
2220 2220
1586 1586
645 763
456 390
272 1062
1743 1749
728 1435
72 250
1820 1620
1144 1276
1811 787
21 392
302 1777
1088 668
1647 1968
1610 1848
1535 1514
312 416
2109 49
1811 1775
1241 565
1737 2209
1173 485
1753 2145
1078 1284
701 765
1853 497
2206 2122
725 906
1632 579
2046 304
1240 745
459 13
550 478
487 12
1909 1394
1646 1650
1955 1062
1345 1345
1944 1130
1873 480
1672 477
1240 1240
316 75
903 904
2118 1422
402 399
1298 1298
2164 2013
1044 1045
238 1121
866 718
744 2047
1817 2042
1321 1084
429 208
1303 363
501 568
1107 1284
667 1088
434 113
678 678
1393 798
2118 1311
715 575
1877 1800
1152 1334
325 1980
632 1611
1460 1127
1873 993
856 950
1852 1529
1387 988
1525 995
1961 1828
1393 1341
968 708
775 944
1692 1828
1276 1309
861 1977
1153 537
784 60
1649 1659
1953 2197
1345 272
1536 1867
88 634
752 1464
198 634
714 476
674 1408
153 296
34 1578
1115 121
1926 1921
1292 1379
1302 1620
2150 1535
47 813
1185 280
50 50
1679 2122
513 901
1875 2264
423 421
266 452
509 485
513 607
1728 2052
1321 121
637 400
1909 2050
1991 1995
2053 575
2060 1606
1980 174
89 2056
1367 953
1431 1344
812 766
322 63
345 345
1567 1566
2270 1904
574 602
1143 965
640 347
2215 626
938 1309
1693 1579
174 1341
1652 485
353 1637
1670 432
850 476
404 66
2149 1276
1663 1706
770 232
902 944
1018 1234
580 632
2244 161
1111 1213
1738 1968
66 651
203 649
74 607
1974 63
1980 75
797 1369
146 367
1546 2181
1632 217
861 1128
1180 1355
1578 315
1553 1752
59 1244
1365 1048
1748 1585
1973 602
1285 1281
2210 1795
2136 1776
1652 16
394 632
847 901
783 827
996 528
829 534
2226 2087
2121 1897
310 1794
1631 1538
1528 2254
1970 2192
446 903
1220 667
576 532
1873 1185
1808 2222
422 1961
1393 1123
1448 1236
176 465
32 632
29 211
2119 304
1700 480
259 476
1389 1349
1669 1947
753 823
902 684
2035 1600
1301 1295
1756 724
193 364
1646 1796
1152 531
1468 793
810 1294
1754 2232
1203 1300
1962 1809
1240 475
2263 1574
1923 1905
365 256
2013 418
402 402
1600 1600
1275 942
920 989
1106 531
1632 1632
1261 812
1635 246
1363 950
2257 2190
1207 1207
1521 1578
2044 1302
249 330
780 1108
1909 1214
2084 119
1000 1117
485 1462
756 134
397 364
1011 34
502 369
900 899
613 36
1863 1680
1461 481
1575 477
1977 1632
801 1045
473 401
1873 63
1501 632
54 476
149 643
921 115
1393 217
594 14
316 134
1347 363
1699 1036
1146 787
729 729
66 134
859 1083
1118 497
1743 364
2153 2051
1878 1937
862 1042
1694 1127
309 310
182 634
2032 2091
984 984
2080 1302
46 602
1296 1041
1653 635
270 1967
2264 1691
1635 727
1449 1147
1602 304
885 852
831 680
1816 1883
1953 2179
1873 421
643 323
1873 486
382 465
478 54
70 476
1452 1393
1502 2038
1263 1276
1217 916
1553 797
709 320
715 2239
694 1020
1003 1850
1082 1139
649 634
1026 123
1182 1270
654 618
533 217
1061 481
1712 1711
2004 217
285 476
705 881
2092 1903
258 258
1590 406
1389 1111
1350 1392
1309 514
251 251
1822 842
234 399
1170 476
2080 486
279 277
68 14
1188 816
1969 2229
1437 1432
105 103
595 433
1493 2162
2002 1040
645 1380
1220 753
522 465
518 1746
543 1632
1306 750
1028 1117
2026 492
57 102
1482 1361
919 1635
44 44
2103 1558
258 364
2002 1118
1289 1123
81 375
32 1360
1003 473
472 364
587 64
1674 623
436 93
626 465
1140 1045
1064 1777
71 250
604 1777
1385 392
1725 1341
1684 1984
407 545
1315 476
996 882
518 515
494 477
1825 1949
59 1784
1038 779
1320 54
1202 668
832 906
1873 473
1888 2243
2080 1045
2257 134
888 193
1873 74
2017 2113
490 942
2174 2256
2188 349
2080 736
514 530
561 1474
308 122
582 813
1334 531
1017 454
933 473
1873 367
1068 513
422 403
1113 2072
417 538
1346 1104
168 636
431 250
753 1089
82 2269
1063 1072
575 575
48 476
927 1132
2010 2010
272 480
991 1387
1956 1874
1797 483
1370 2047
736 63
801 1044
54 1799
1852 1535
1338 940
2206 389
468 1153
1633 217
1725 1633
1408 412
485 37
1966 632
697 1084
39 1240
1805 363
1692 1961
274 1949
2107 1213
2122 2206
621 477
103 88
799 1082
589 634
432 2021
797 364
101 995
228 13
1474 901
1283 212
6 421
1202 1185
1578 477
1585 1586
665 1548
227 286
1215 1264
274 1850
317 233
759 192
1885 217
408 465
1786 161
2065 1921
1763 1887
1332 2239
147 2035
2137 623
16 632
1225 1228
2002 1288
2048 1213
539 418
1603 1060
1578 1704
1574 1883
899 2080
470 470
530 1310
2234 1156
246 1573
1174 1086
1223 476
478 476
805 2192
105 108
1965 1965
1304 476
617 402
949 1225
537 93
863 21
1635 1536
976 1393
1132 1435
2158 2163
1459 699
1011 1002
996 1700
1385 842
259 465
745 476
577 137
692 693
624 932
2040 561
356 209
1930 123
852 569
835 1147
947 1108
238 1840
477 476
1073 528
2018 2045
1532 1332
210 73
108 632
903 1062
43 540
1393 413
235 230
1220 1185
1076 364
1339 1338
829 650
1136 842
740 389
1477 626
1371 1121
2182 477
110 565
1503 1608
1411 1309
1683 1560
1615 618
869 1421
635 1659
1811 1060
1041 1208
178 421
1084 121
839 1244
542 542
1873 1379
838 1045
1436 1341
1576 1979
179 134
956 950
750 641
696 1264
1864 324
1293 1311
1690 208
701 1302
633 13
803 818
928 607
9 163
129 1364
201 70
2000 1859
1493 1121
1912 1613
189 75
1410 1632
1453 1023
391 465
2035 412
108 16
1221 682
1152 1361
1254 1253
550 465
1586 1585
1796 1803
456 454
2239 715
1126 979
331 277
719 718
1153 1136
558 634
339 1055
1381 1380
159 477
2158 1153
1347 1364
46 1973
406 522
1398 787
1498 1921
1236 967
1332 60
213 581
1328 1324
2081 1128
888 364
1915 1846
1762 1762
252 684
12 487
2025 1870
370 135
1565 2181
1116 304
1962 191
1155 995
1060 324
407 844
1850 401
413 476
1417 1208
821 1185
407 477
439 513
1590 476
357 163
1347 320
809 632
2084 537
2178 1469
5 421
687 1158
337 634
597 389
1906 1846
1587 2045
97 36
2245 2023
744 63
961 1140
1422 797
110 395
547 2097
1510 1970
358 996
564 1240
2010 1731
1185 486
292 1724
589 364
1553 589
1114 745
550 534
1001 2047
637 1334
1159 2008
640 380
2189 2072
1383 476
